DUAL
[2.33433742e-09 1.19410101e-10 2.33433742e-09 2.33433742e-09
 3.98130508e-10 2.33433742e-09 3.98130508e-10 3.98130508e-10
 3.98130508e-10 2.33433742e-09 1.19410101e-10 3.98130019e-10
 3.98130508e-10 2.33433742e-09 8.55168004e-03 3.98130508e-10
 3.98130508e-10 1.45986412e-10 3.98130019e-10 2.33433742e-09
 1.19410101e-10 2.33433742e-09 2.33433742e-09 3.98130508e-10
 3.98130508e-10 3.98130019e-10 1.19410101e-10 3.98130019e-10
 1.19410101e-10 2.33433742e-09 3.98130508e-10 3.98130508e-10
 2.33433742e-09 1.19410101e-10 3.98130508e-10 2.33433742e-09
 8.55168004e-03 8.55168004e-03 2.33433742e-09 2.33433742e-09
 2.33433742e-09 3.98130508e-10 3.98130508e-10 3.98130508e-10
 8.55168004e-03 3.98130508e-10 2.33433742e-09 1.19410101e-10
 1.19410101e-10]DUAL OVER

The optimal value is 15.999999999998604
A solution x is [1. 1. 1. 1. 1. 1. 1. 1. 1. 1. 1. 1. 1. 1. 1. 1.]
0, 1.0000000000000511, 0.9999999999998382, 0.9999999999999243, 0.9999999999998384, 0.9999999999998385, 1.0000000000000516, 0.9999999999998387, 0.9999999999999248, 0.9999999999998389, 0.99999999999992410, 0.99999999999983811, 1.00000000000005112, 0.99999999999992413, 0.99999999999983814, 1.00000000000005115, 0.999999999999838