DUAL
[1.89928229e-02 2.60090407e-11 1.89928229e-02 1.03598101e-01
 1.89928229e-02 1.89928231e-02 1.77420127e-11 1.77420127e-11
 1.77420127e-11 1.03598101e-01 2.60090407e-11 1.77420127e-11
 6.07456818e-02 6.07456823e-02 6.07456821e-02 1.48346056e-11
 1.77420127e-11 1.77420127e-11 1.89928230e-02 1.77420127e-11
 2.60090407e-11 1.48346056e-11 1.59134075e-11 2.60090407e-11
 2.60090407e-11 1.89928230e-02 1.77420127e-11 1.89928230e-02
 1.03598102e-01 6.07456820e-02 1.89928228e-02 1.48346056e-11
 2.60090407e-11 6.07456818e-02 2.60090407e-11 2.60090407e-11
 1.89928229e-02 1.89928230e-02 1.77420127e-11 6.07456819e-02
 1.77420127e-11 6.07456817e-02 1.77420127e-11 1.89928230e-02
 6.07456821e-02 1.77420127e-11 6.07456820e-02 2.60090407e-11
 1.77420127e-11 6.07456821e-02 6.07456822e-02 1.03598100e-01
 1.89928230e-02 1.48346056e-11 6.07456819e-02 1.77420127e-11
 1.59134075e-11 1.89928229e-02 6.07456820e-02 1.89928230e-02
 6.07456823e-02 1.89928230e-02 1.59134075e-11 2.60090407e-11
 1.89928227e-02 1.03598101e-01 1.89928229e-02 6.07456820e-02
 1.77420127e-11 2.48210095e-01 2.60090407e-11 1.03598101e-01
 1.89928230e-02 2.60090407e-11 1.89928230e-02 1.77420127e-11
 2.60090407e-11 1.59134075e-11 6.07456816e-02 2.60090407e-11
 1.89928230e-02 6.07456820e-02 6.07456822e-02 1.03598101e-01
 1.76423876e-11 1.77420127e-11 1.03598102e-01 6.07456820e-02
 6.07456825e-02 1.03598102e-01 1.89928230e-02 6.07456823e-02
 1.89928229e-02 2.60090407e-11 6.07456819e-02 1.48346056e-11
 1.89928230e-02 1.03598101e-01 1.89928229e-02 6.07456823e-02
 1.89928230e-02 1.77420127e-11 1.77420127e-11 1.89928229e-02
 6.07456820e-02 6.07456821e-02 6.07456818e-02 1.77420127e-11
 6.07456824e-02 2.60090407e-11 1.03598101e-01 1.77420127e-11
 6.07456815e-02 1.03598101e-01 1.48346056e-11 6.07456820e-02
 1.77420127e-11 6.07456824e-02 2.60090407e-11 1.89928230e-02
 6.07456814e-02 1.77420127e-11 1.03598101e-01 1.48346056e-11
 1.77420127e-11 6.07456820e-02 6.07456818e-02 1.59134075e-11
 1.76423876e-11 1.77420127e-11 6.07456815e-02 1.03598102e-01
 1.59134075e-11 6.07456815e-02 6.07456824e-02 1.03598101e-01
 1.89928230e-02 1.77420127e-11 1.77420127e-11 1.03598101e-01
 1.03598100e-01 6.07456823e-02 6.07456818e-02 1.89928228e-02
 1.89928229e-02 2.60090407e-11 1.03598101e-01 1.89928229e-02
 6.07456823e-02 2.60090407e-11 1.89928229e-02 6.07456818e-02
 2.60090407e-11 1.77420127e-11 6.07456818e-02 1.03598101e-01
 6.07456820e-02 1.59134075e-11 1.77420127e-11 1.89928230e-02
 2.60090407e-11 2.48210094e-01 1.89928230e-02 2.60090407e-11
 1.89928229e-02 6.07456821e-02 2.48210095e-01 2.60090407e-11
 1.03598101e-01 1.77420127e-11 6.07456817e-02 6.07456819e-02
 1.77420127e-11 6.07456820e-02 2.60090407e-11 1.89928231e-02
 6.07456820e-02 2.60090407e-11 1.77420127e-11 1.77420127e-11
 1.89928228e-02 6.07456819e-02 1.89928230e-02 1.77420127e-11
 1.03598101e-01 6.07456822e-02 2.60090407e-11 1.89928230e-02
 1.89928228e-02 1.89928231e-02 6.07456819e-02 1.03598102e-01
 1.89928229e-02 1.48346056e-11 6.07456820e-02 2.60090407e-11
 1.89928228e-02 1.77420127e-11 1.77420127e-11 1.77420127e-11
 1.03598102e-01 6.07456821e-02 2.60090407e-11 2.60090407e-11
 6.07456824e-02 6.07456817e-02 6.07456820e-02 2.60090407e-11
 1.48346056e-11 1.03598101e-01 2.60090407e-11 1.89928231e-02
 1.03598101e-01 2.48210095e-01 2.60090407e-11 1.03598101e-01
 6.07456822e-02 1.76423876e-11 2.60090407e-11 1.76423876e-11
 2.48210094e-01 1.03598100e-01 1.89928230e-02 6.07456823e-02
 6.07456818e-02 1.89928229e-02 1.89928230e-02 2.60090407e-11
 2.60090407e-11 6.07456816e-02 6.07456819e-02 2.60090407e-11
 6.07456823e-02 1.03598100e-01 1.03598101e-01 2.60090407e-11
 1.77420127e-11 2.60090407e-11 6.07456824e-02 1.77420127e-11
 1.48346056e-11 1.59134075e-11 6.07456824e-02 1.48346056e-11
 6.07456822e-02 1.03598101e-01 1.03598101e-01 1.03598101e-01
 6.07456826e-02 6.07456826e-02 6.07456820e-02 1.77420127e-11
 6.07456818e-02 1.89928231e-02 2.60090407e-11 1.89928230e-02
 1.89928228e-02 2.60090407e-11 1.89928230e-02 1.03598102e-01
 6.07456821e-02 1.77420127e-11 1.77420127e-11 6.07456823e-02
 1.59134075e-11 2.60090407e-11 6.07456817e-02 6.07456819e-02
 2.60090407e-11 1.89928227e-02 6.07456819e-02 1.89928230e-02
 6.07456822e-02 6.07456818e-02 1.76423876e-11 6.07456820e-02
 1.03598101e-01 1.89928229e-02 1.03598101e-01 1.89928230e-02
 2.48210096e-01 1.03598101e-01 6.07456817e-02 1.77420127e-11
 1.89928230e-02 6.07456821e-02 1.77420127e-11 1.03598101e-01
 2.60090407e-11 6.07456823e-02 2.60090407e-11 1.48346056e-11
 6.07456820e-02 6.07456821e-02 6.07456817e-02 6.07456822e-02
 5.18665418e-11 1.59134075e-11 1.03598101e-01 6.07456818e-02
 2.60090407e-11 1.89928230e-02 6.07456822e-02 6.07456824e-02
 1.77420127e-11 2.48210096e-01 1.76423876e-11 1.77420127e-11
 2.48210095e-01 1.77420127e-11 6.07456820e-02 1.03598101e-01
 6.07456821e-02 1.89928229e-02 1.03598101e-01 2.60090407e-11
 1.59134075e-11 6.07456816e-02 1.03598101e-01 2.60090407e-11
 1.03598101e-01 1.03598101e-01 1.03598102e-01 1.89928229e-02
 6.07456822e-02 6.07456822e-02 1.89928229e-02 6.07456815e-02
 1.89928230e-02 6.07456818e-02 1.59134075e-11 2.60090407e-11
 1.89928229e-02 1.89928230e-02 1.03598101e-01 6.07456816e-02
 1.89928229e-02 1.03598100e-01 6.07456823e-02 1.77420127e-11
 6.07456815e-02 1.03598101e-01 1.03598101e-01]DUAL OVER

The optimal value is 8.0000000024895
A solution x is [ 1.00000000e+00  1.35308773e-10 -2.77202567e-11 -4.19138637e-11
 -2.77201904e-11  1.35308778e-10 -2.77201665e-11  1.35308758e-10
  1.35308798e-10  1.00000000e+00  1.35308773e-10 -2.77201688e-11
  1.35308764e-10 -2.77201570e-11 -4.19138751e-11 -2.77201782e-11
  1.35308760e-10 -2.77201765e-11  1.35308775e-10 -2.77201960e-11
 -4.19138781e-11  1.00000000e+00  1.35308742e-10 -2.77201703e-11
 -2.77201808e-11  1.35308680e-10  1.00000000e+00  1.35308765e-10
 -2.77201761e-11  1.35308764e-10 -2.77201838e-11 -4.19138715e-11
  1.35308797e-10 -2.77201864e-11 -4.19138836e-11 -2.77202181e-11
  1.35308811e-10 -2.77202005e-11  1.35308750e-10  1.00000000e+00
 -2.77201996e-11  1.35308761e-10 -2.77201821e-11  1.35308715e-10
  1.00000000e+00 -4.19138737e-11 -2.77201820e-11  1.35308762e-10
 -2.77201970e-11 -4.19138787e-11 -2.77201836e-11  1.35308766e-10
 -2.77201956e-11  1.35308781e-10  1.00000000e+00  1.35308804e-10
 -4.19138961e-11 -2.77201566e-11  1.35308774e-10  1.00000000e+00
  1.35308810e-10 -2.77201881e-11  1.35308673e-10 -2.77201451e-11]
0, 1.00000000003033579, 1.000000000030335521, 1.000000000030335526, 1.000000000030335739, 1.000000000030335544, 1.000000000030335554, 1.000000000030335559, 1.0000000000303355