DUAL
[1.11386122e-01 9.92950001e-02 9.92950000e-02 3.75111277e-13
 1.11386122e-01 1.11386122e-01 3.75111277e-13 1.09695356e-01
 1.09695356e-01 1.43530380e-01 1.09695356e-01 1.11386122e-01
 1.11386122e-01 1.09695356e-01 1.43530380e-01 7.07197713e-13
 3.75111277e-13 9.92950000e-02 1.43530380e-01 9.92950000e-02
 1.09695356e-01 9.92950001e-02 1.11386122e-01 7.07197713e-13
 1.43530380e-01 1.11386122e-01 9.92950000e-02 1.09695356e-01
 1.11386122e-01 7.07197713e-13 7.07197713e-13 7.07197713e-13
 1.09695356e-01 7.07197713e-13 1.09695356e-01 9.92950001e-02
 1.11386122e-01 7.07197713e-13 9.92950001e-02 1.11386122e-01
 1.11386122e-01 1.11386122e-01 3.75111277e-13 1.11386122e-01
 7.07197713e-13 1.11386122e-01 1.11386122e-01 1.11386122e-01
 4.20234763e-13]DUAL OVER

The optimal value is 4.000000000096948
A solution x is [ 2.67041319e-14  3.86891958e-14  2.94597882e-14  8.04189845e-14
  1.46661082e-14  5.48241402e-14  1.02132863e-15  2.06870822e-14
  1.55245850e-15  2.23865363e-13 -8.20364346e-15  1.61468931e-14
  7.17643695e-14  1.12501507e-13  1.54718427e-13  7.08285122e-14
  8.69439460e-16  5.65209758e-14  2.81348860e-14 -1.76628467e-14
  1.55407119e-15  2.81325292e-14  3.86881853e-14  3.31438816e-13
  1.46685847e-14 -3.35358235e-14  2.71295742e-13  3.54166284e-14
  1.00813183e-13 -8.63386505e-15  2.71585136e-14 -3.46837861e-15
  1.54715721e-13  2.51602651e-13  6.65201772e-13  8.39128455e-14
  4.05055661e-14  7.17693510e-14  6.65212895e-13 -7.01941945e-15
 -8.63697897e-15  2.81300001e-14  2.23677991e-15  1.79181539e-14
  5.43020300e-14  2.66995552e-14  4.61681920e-14  1.10583677e-14
  1.00084336e-13  4.05062344e-14  2.02202709e-13  7.85037809e-14
  1.46692531e-14  5.92645360e-14  6.34323990e-14  5.09363512e-14
  1.21035222e-13  2.94591199e-14 -3.47114013e-15  2.22989854e-15
 -3.58204100e-14  8.69439460e-16  2.40728048e-14  5.47089097e-14
  8.66962901e-16  5.58365507e-14  1.21607585e-13  2.81289896e-14
  1.84172112e-13  9.94865430e-14 -8.20718743e-15  8.39201874e-14
  4.71921576e-15  4.02904233e-14  2.71434464e-14  1.54714822e-13
  2.23234962e-15 -3.46626527e-15  2.81350058e-14 -1.01369982e-14
  1.35001893e-12  1.00812246e-13 -1.62510680e-14 -8.63103439e-15
  2.24330340e-13  1.61529094e-14  2.94591199e-14  2.02203491e-13
  1.00813044e-13  2.94633321e-14  1.61497645e-14  1.57990186e-13
 -1.01995244e-14  2.67083441e-14  5.92575735e-14  2.67054516e-14
  1.55107231e-15  7.62602994e-14  2.51594881e-13 -1.76621840e-14
  5.43020300e-14  8.69439460e-16  2.71512245e-14  3.86861819e-14
 -1.01394864e-14  3.54208406e-14  2.06821007e-14  1.61497645e-14
  1.02132863e-15  1.86127551e-13 -2.10475998e-15  3.31437249e-13
  1.28507351e-13  3.80045136e-14  4.85090502e-15  1.33496653e-13
  6.65209322e-13  4.71567606e-15  2.67082243e-14  4.02920346e-14
  4.71814841e-15  1.61468931e-14 -4.23571751e-14  1.60005749e-13
  1.46703204e-14  8.88174256e-14  5.05237872e-14 -1.76659915e-14
 -1.62570126e-14  5.05237872e-14  1.46727970e-14  2.82428758e-13
  1.22311361e-13  3.80076531e-14  1.86127003e-13  8.47350013e-14
  6.15653142e-14  8.39186022e-14  2.34913323e-13  4.02927886e-14
  5.92612216e-14  1.46661082e-14  1.46726771e-14 -1.19460264e-14
  1.25435746e-14  3.86868503e-14  1.65517119e-13  1.00089510e-13
 -4.06934209e-14  5.05207733e-14  8.65884387e-16  1.00082884e-13
 -1.76642974e-14  5.80228824e-14  7.62647296e-14 -1.78623947e-14
  6.34359804e-14  2.59195959e-14  2.40741480e-14 -3.46759616e-15
 -4.23881872e-14  1.38206436e-13  4.09882296e-13  2.67016553e-14
  4.05037621e-14  1.88840517e-13  5.31273895e-14  5.60668787e-14
 -1.76635149e-14  2.51595329e-13  1.86132477e-13  4.02884887e-14
  3.86832995e-14  4.33785844e-14 -7.01630554e-15  2.66831096e-14
  1.60001442e-13  8.20011821e-14  8.39117654e-14  5.31181294e-14
  1.00812821e-13  1.61486972e-14  6.15630235e-14  8.39191124e-14
  3.85212320e-14  5.40044128e-14  2.94597882e-14 -8.63697897e-15
  3.86868503e-14  4.71668656e-15  8.04182609e-14  1.52712767e-14
  1.10558526e-14  7.85012326e-14 -8.20231258e-15  6.59461864e-14
  9.73080133e-14 -8.20231258e-15  1.13143275e-13  1.61493655e-14
  1.61497645e-14 -2.68624714e-14  1.88830422e-13  8.19971314e-14
  5.92477241e-14  1.28509830e-13  1.86129127e-13  2.94583506e-14
  1.38208951e-13  2.66871315e-14  2.24326908e-13  1.00081471e-13
  8.39060827e-14  3.63008529e-14  6.65211556e-13  8.39090343e-14
  7.62638557e-14  2.40752231e-14  3.80032956e-14  2.23083531e-15
  8.39170733e-14  8.64873897e-16  1.58785368e-13  3.54197733e-14
  1.46667807e-14 -1.62570126e-14  4.85087625e-15  2.67033384e-14
  9.77342363e-14  3.09496502e-13 -2.67728026e-14  5.92641385e-14
  3.97067495e-14  4.79352232e-14  5.60729061e-14  1.46667807e-14
  1.01632285e-15  1.22303349e-13  3.09503289e-13  3.86903941e-14
  9.73129795e-14  2.66970552e-14  2.22993126e-15  8.88144286e-14
  1.38202057e-13  5.92601166e-14  3.80060791e-14  2.06860149e-14
  2.23866003e-13 -1.62554983e-14  8.04155512e-14  1.33500581e-13
  1.28516400e-13  1.00087484e-13  1.60005254e-13  2.67051992e-14
  1.46661082e-14  3.86868503e-14  3.43947497e-13  3.86832995e-14
  1.50721742e-15  3.79937075e-14  2.06176573e-14  2.13427738e-13
 -1.76670589e-14 -1.76642974e-14  8.20078465e-14 -3.93651588e-14
  1.58780555e-13  6.25464118e-14  5.48223808e-14  4.33768169e-14
  3.85296541e-14  2.94591199e-14 -1.80152900e-14 -1.09238774e-14
  2.40670388e-14  8.39067198e-14  2.02199760e-13  4.71500353e-15
  1.35000815e-12 -3.46759616e-15  1.61493655e-14  1.25420077e-14
  4.85775762e-15  5.65000568e-14  1.20405922e-13 -1.62579494e-14
 -3.46692789e-15  3.86893269e-14  1.72898148e-14  2.51600553e-13
 -2.10475604e-15  4.85087625e-15  8.04070033e-14  2.81311028e-14
  5.92595975e-14  4.71567606e-15  2.81262169e-14  1.21031728e-13
  1.21609721e-13 -8.30295890e-15  4.72169234e-15  8.63998739e-15
  3.31434575e-13  2.02199274e-13  1.22307122e-13  5.92620994e-14
 -2.67717241e-14  2.66865057e-14  6.34364999e-14 -9.90406486e-17
  8.47289194e-14  1.57989243e-13  5.37465870e-14 -4.06934209e-14
  1.84161603e-13  2.40662670e-14  2.54136405e-14 -3.58204100e-14
  1.01742564e-15 -1.03789842e-14  1.33494592e-13  1.13143464e-13
 -3.20056912e-14  2.94633321e-14  8.04092395e-14  2.23394923e-15
  8.04114979e-14  2.23218589e-15  3.80035570e-14  5.92600738e-14
  2.67082243e-14  1.46661082e-14  4.02941458e-14  1.65525224e-13
  2.40646736e-14  3.31429835e-13 -1.02012186e-14 -2.10385198e-15
  3.85269794e-14  2.02197467e-13  3.14663267e-13  4.79353870e-14
 -1.02606404e-16  3.80047369e-14  5.37448195e-14  1.02657818e-13
  3.09494673e-13  5.05227767e-14  8.47305618e-14  2.51601320e-13
  5.65045402e-14  1.61486972e-14  8.04184835e-14 -1.19548154e-14
  1.13139628e-13  1.38204122e-13  3.86854126e-14  2.34916951e-13
  3.80052349e-14 -1.78640888e-14  3.86854126e-14  8.24566421e-14
  1.45189931e-13  3.80037966e-14  1.61504328e-14  1.00809328e-13
  1.21035550e-13  2.81283170e-14  3.79992449e-14  1.65522611e-13
  2.67023279e-14  8.04125129e-14  1.22309247e-13 -1.78623947e-14
  8.63697348e-15  8.24527652e-14  2.24328351e-13  1.00083821e-13
  6.34378119e-14  5.20850239e-13  6.34373031e-14  1.00077612e-13
  1.61493655e-14  4.79301053e-14  2.94621338e-14  3.79962788e-14
  1.38209888e-13  7.85086146e-14 -1.01987420e-14  6.25383408e-14
  1.56090543e-15  5.20843806e-13  1.33982462e-13  3.86861819e-14
  5.43020300e-14  5.92611629e-14  5.92511089e-14  1.61490064e-14
 -1.01987420e-14  1.60000116e-13  1.50234258e-15  1.12504595e-13
  1.59996589e-13  2.81325292e-14  3.80065780e-14 -1.02012186e-14
 -1.19489189e-14 -3.47007274e-15  2.71495721e-14  2.94611233e-14
  1.79144194e-14  3.63101131e-14  1.01742563e-15  1.65528694e-13
  4.03003355e-14  1.46667807e-14  8.65895515e-16  1.33495711e-13
 -3.47115126e-15 -4.06934209e-14 -3.46692789e-15 -8.20820904e-15
 -2.10478876e-15  2.81300001e-14  2.40638488e-14 -8.20718743e-15
  5.92585014e-14  6.15603182e-14  3.31428245e-13 -1.78661779e-14
  2.06870822e-14  1.01885206e-15  5.20855025e-13  1.86130453e-13
  2.51596086e-13 -6.68606719e-15  1.59993356e-13  2.94633321e-14
  1.00810734e-13  2.34913113e-13  1.00083658e-13  4.02920168e-14
  2.00000592e-13  3.12331374e-15  5.60739734e-14 -3.58204100e-14
 -1.80130354e-14 -8.30748567e-15 -1.76670700e-14  1.46692531e-14
  1.95508111e-13 -8.63546469e-15  2.40648146e-14 -1.78651673e-14
  1.00080131e-13 -8.20718743e-15  1.60003466e-13 -7.01790517e-15
  5.92562471e-14  5.47167316e-14 -1.01974111e-14 -3.46837861e-15
 -1.09209949e-14  7.85045438e-14  1.57990401e-13  3.86861819e-14
  2.94633321e-14  9.73117552e-14  5.05227767e-14 -8.30352761e-15
  3.31433125e-13  3.86832995e-14  1.01711641e-15  1.02120880e-15
  3.85207125e-14  2.66855978e-14  1.65519235e-13 -1.78609440e-14
 -8.20719856e-15  2.06858839e-14 -1.62579206e-14 -1.78623947e-14
  4.71879983e-15  1.84165946e-13  4.71748011e-15  4.71567606e-15
  2.83726775e-14 -8.63562839e-15  6.15589635e-14  1.61527895e-14
  8.88149221e-14  1.22305800e-13  1.12501327e-13  1.28501750e-13
  8.64118570e-15  3.85304910e-14  1.54716366e-13 -1.00039157e-16
  3.85170639e-14 -8.20442592e-15  2.94621338e-14  5.80248066e-14
 -3.20056912e-14  2.51603291e-13  1.65521713e-13  8.39099774e-14
 -3.47114013e-15  2.81300001e-14  1.00075135e-13  3.86893269e-14
  7.62671085e-14  5.05239183e-14  6.25472970e-14  1.88833694e-13
  2.13433112e-13  1.25404894e-14  1.61468931e-14  3.54173009e-14
  4.09892418e-13  1.46726771e-14  8.69439460e-16  8.24516379e-14
  1.59998540e-13  8.47280206e-14 -1.01987420e-14 -1.78602814e-14
  5.60689919e-14 -2.68624714e-14  2.24332307e-13  2.67054516e-14
  8.20069388e-14  8.20029080e-14  1.00083434e-13  3.79986970e-14
 -1.76670589e-14  3.43944661e-13  2.51602662e-13  9.40963883e-14
  5.31255139e-14  1.84157577e-13 -2.57041246e-14  4.71668656e-15
  2.06799875e-14  9.77405486e-14 -1.78602814e-14  2.81311028e-14
 -8.20612003e-15 -1.09167827e-14  2.67058675e-14  1.22306948e-13
  9.73077334e-14  7.84961182e-14  5.65120035e-14  1.00084202e-13
  1.54721169e-13  2.24329695e-13 -2.68624714e-14  1.45186437e-13
 -8.20231258e-15 -8.29500140e-15 -1.01980737e-14  2.02200242e-13
  8.19978182e-14 -1.09179810e-14  1.01253971e-15  2.94621338e-14
 -1.78661779e-14  4.05009894e-14  7.85056230e-14  5.48241114e-14
  2.94583506e-14 -3.35358235e-14  2.06835383e-14  1.60001655e-13
  8.24437224e-14 -1.02012186e-14  1.10611536e-14  2.24324202e-13
  2.06858839e-14 -6.68921207e-15  1.72898148e-14  8.24508411e-14
  2.66886470e-14  3.12408301e-15 -1.78651562e-14  5.39975644e-14
  1.00809179e-13  2.67051992e-14 -1.01337291e-14  3.86854126e-14
  1.21601355e-13  3.79994688e-14  1.21604127e-13  2.00004652e-13
  2.66875834e-14 -3.93651588e-14  8.63764183e-15  5.58309682e-14
 -8.30652463e-15  3.86881853e-14  4.79285385e-14  3.09487286e-13
  1.01463983e-15  6.34284821e-14  8.39026979e-14  4.71500353e-15
  1.57983309e-13  4.09878292e-13  3.88711235e-14 -1.76642974e-14
  1.88842996e-13  4.85775762e-15  1.22306796e-13  1.22306948e-13
  5.20850655e-13  1.61504328e-14  1.88849566e-13 -7.02032747e-15
 -8.63788305e-15  8.64873897e-16  1.46688940e-14  2.81350058e-14
 -8.63788699e-15 -3.47007274e-15 -8.20364346e-15  3.63042155e-14
  2.66888709e-14  1.46727970e-14  1.57991974e-13  7.84996932e-14
  5.20854479e-13  9.73156202e-14  1.61490064e-14  4.85492694e-15
  1.21595796e-13 -1.80084413e-14  2.67051992e-14  1.61504328e-14
  1.13143603e-13 -8.30095850e-15  2.54189712e-14  7.85047378e-14
  9.94933353e-14  3.09495055e-13  3.62971439e-14  3.86832995e-14
  2.40668149e-14  2.54156644e-14 -9.86529596e-17 -8.20297519e-15
  7.17651388e-14  1.28516115e-13 -6.68673550e-15 -8.63791577e-15
  7.62655964e-14 -8.20719856e-15  2.23866717e-13  3.86891958e-14
  3.86903941e-14  2.24333214e-13 -1.76670700e-14  1.00810112e-13
  2.81314619e-14  4.71921576e-15  1.61441204e-14  2.81318609e-14
  4.79269913e-14  5.47063686e-14 -1.01995244e-14  2.54174230e-14
  5.39974006e-14 -3.47115126e-15  1.02132863e-15  1.46685847e-14
 -3.20056912e-14  1.57988162e-13  5.05214417e-14  2.82432302e-13
  5.09415932e-14 -3.67431804e-14  1.38049840e-13  1.20401940e-13
  1.46688940e-14 -1.62579167e-14  2.06858839e-14  5.47128039e-14
  4.02950430e-14  8.47353035e-14  1.60006828e-13  2.83744080e-14
 -1.19502386e-14 -1.02022859e-14 -2.67700299e-14  1.84166168e-13
  2.23868036e-13  2.40757968e-14  1.54710228e-13 -3.67431804e-14
  1.46727970e-14  1.22311139e-13  8.63998740e-15  3.14650408e-13
  2.67033384e-14  3.80017233e-14  1.38203947e-13 -2.88464732e-14
  3.86891958e-14  1.84150836e-13  2.00003265e-13  1.46703204e-14
  1.61500169e-14  3.54194142e-14  1.01711641e-15  8.24492600e-14
  8.47316256e-14  5.92584905e-14  1.46667807e-14  1.86121730e-13
 -1.76670589e-14  2.40627389e-14  3.44588059e-14  5.05200040e-14
  6.65210689e-13  8.63897689e-15  1.01818375e-15 -1.02033076e-14
  8.39150477e-14  9.73119037e-14  2.00001946e-13  2.59211431e-14
  1.21598054e-13  2.94597882e-14  1.65526131e-13  5.39960172e-14
  1.57993548e-13  8.39195099e-14 -7.02032354e-15  3.85185008e-14
  1.95511694e-13  1.21603776e-13 -3.67431804e-14 -3.46692789e-15
  1.61462206e-14 -1.09178500e-14 -1.01980737e-14  8.20018010e-14
  1.46692531e-14  1.45190259e-13 -6.68541577e-15  1.65528060e-13
  5.20848153e-13  3.88749884e-14  3.43942501e-13  8.19973709e-14
  5.65144813e-14  2.66931987e-14  5.31202719e-14  8.04165335e-14
  3.86893269e-14  5.60717646e-14  5.20839903e-13  1.00079157e-13
  1.55617186e-15  2.67082243e-14  5.92517459e-14  2.67083441e-14
  7.84999872e-14  1.61486972e-14  2.06154373e-14  1.50588652e-15
 -8.63562839e-15  1.45186284e-13  2.40685393e-14 -1.09203266e-14
  5.05249855e-14  1.01818375e-15  1.61441204e-14 -8.30152132e-15
  5.47118614e-14  8.77519003e-15 -8.20231258e-15  8.39079533e-14
  2.81307936e-14  7.85036105e-14  3.86854126e-14 -1.01980737e-14
  1.95506139e-13  7.62641899e-14 -9.68491673e-17 -1.78602814e-14
  2.59278278e-14  2.81314619e-14  1.46640080e-14 -1.01987420e-14
  5.37503214e-14  1.55350837e-15  2.66939157e-14  2.94611233e-14
  1.50655482e-15  1.20409148e-13  8.04158428e-14  1.22320970e-13
  4.61681920e-14  5.65108524e-14  3.80082268e-14  4.79270201e-14
  9.94939361e-14  3.86881853e-14  5.80167356e-14  1.55099323e-15
  5.05227767e-14  1.50233146e-15  6.25502887e-14  1.46677912e-14
  4.05096585e-14  4.02925647e-14  1.60002523e-13  8.63764182e-15
  2.94583506e-14  2.67033384e-14  2.94591199e-14  1.61504328e-14
  3.63105009e-14  1.38209132e-13  2.67016553e-14  1.57984712e-13
  2.40674896e-14  2.23083531e-15 -8.63788305e-15 -3.67431804e-14
  1.61462206e-14  3.88782411e-14  3.12608643e-15  5.31249409e-14
 -1.02022971e-14  1.95503925e-13  2.81321133e-14  8.66962901e-16
 -1.19485030e-14  7.17671422e-14 -1.80112720e-14  5.92560231e-14
 -8.20231258e-15  5.92549745e-14  3.63076646e-14  4.85332733e-15
  1.21031575e-13  1.61504328e-14  1.45189475e-13  2.24328796e-13
  8.47275750e-14  1.46677912e-14  3.31434991e-13  4.72157250e-15
  6.25466265e-14  5.60668787e-14  7.62649741e-14  1.46640080e-14
  2.66880991e-14  1.46727970e-14  8.64011841e-15  7.08271772e-14
 -2.67679166e-14  6.34398181e-14  1.33991143e-13  3.79987148e-14
  3.86891958e-14  2.66954812e-14 -1.78651673e-14  1.38050865e-13
  3.97137617e-14  1.20403515e-13  8.65884387e-16  2.66845710e-14
  1.55735357e-15  1.54754404e-15  2.67083441e-14  2.06848734e-14
  3.63068604e-14 -2.68624714e-14  3.31428024e-13  4.02989645e-14
  2.40657512e-14  5.09410203e-14  1.10583964e-14  2.81289896e-14
  5.42998099e-14  2.00009092e-13  1.46696521e-14  2.66911254e-14
  4.05073017e-14  2.81262169e-14  1.21034686e-13  1.22296029e-13
  1.01885206e-15 -9.37578776e-17  6.34286732e-14  2.94633321e-14
 -3.46626527e-15 -3.93651588e-14  2.13442942e-13  6.65204533e-13
  1.46699044e-14  2.40736491e-14 -1.01364893e-14  8.04127248e-14
  1.61486972e-14  2.40711270e-14  3.85280545e-14  2.54230360e-14
 -1.78661779e-14  9.31170739e-13  2.06154373e-14  7.84966668e-14
  9.41070748e-14  1.00000000e+00  5.05200040e-14 -8.20820904e-15
  1.61497645e-14  5.05200040e-14  5.60697612e-14  3.97053661e-14
  3.86893269e-14  2.71459235e-14  2.94562374e-14  5.05178909e-14
  1.84169635e-13  1.45190120e-13  2.81318609e-14  3.14673098e-13
  8.63897689e-15  8.68657023e-16 -8.20820904e-15  1.58780704e-13
  1.84163690e-13  1.00805157e-13  2.06848734e-14  3.63145189e-14
  1.01253971e-15  6.34314003e-14  9.77371016e-14  8.39161955e-14
  2.81289896e-14 -1.76659915e-14  3.63002800e-14  1.00085912e-13
  7.49991743e-14  2.83713228e-14  1.00085282e-13  2.71298486e-13
 -9.76030779e-17  2.40665330e-14  2.94622648e-14  8.88076521e-14
  4.05097783e-14  2.34921475e-13  1.50510410e-15  7.85049525e-14
  2.59227387e-14  2.67016553e-14  4.71879983e-15 -1.76621840e-14
  4.33769519e-14  4.61681920e-14  8.20008839e-14  1.38046775e-13
  1.86131534e-13  5.60727751e-14  5.60697611e-14 -1.01279631e-14
 -8.20612003e-15  8.20085240e-14  6.65211302e-13  1.61479036e-14
  7.08265088e-14  1.61462206e-14 -3.35358235e-14 -1.01318195e-14
  8.04144329e-14  4.85181302e-15  3.63029955e-14  1.00080390e-13
 -1.02033076e-14  1.61527895e-14  3.86893269e-14  1.13139781e-13
 -3.35358235e-14 -1.80128717e-14 -4.23881872e-14  1.84158156e-13
  8.20044734e-14  7.62619357e-14  7.17622564e-14  9.62702613e-15
  2.06176573e-14  4.05066334e-14  1.61462206e-14  2.94562374e-14
  4.71921576e-15  2.94622648e-14  5.37449545e-14  2.66881169e-14
  5.05214417e-14  2.71558389e-14 -1.76680805e-14 -1.20122484e-14
  1.60006146e-13 -8.20442592e-15  1.59992719e-13  3.85145868e-14
  1.86135157e-13  1.00084984e-13  1.61468931e-14  2.66964179e-14
 -1.02033076e-14 -1.78616123e-14 -1.01987420e-14 -1.76670700e-14
  3.63089611e-14  4.71879983e-15  5.60717646e-14  4.71748011e-15
  9.31166115e-13  3.86868503e-14  2.02200225e-13  8.04261420e-14
 -8.20297519e-15  3.31431205e-13  1.25436034e-14  8.65895515e-16
 -1.20122484e-14  1.88849281e-13  2.59227099e-14 -8.30076742e-15
  2.71484385e-14  1.61527895e-14  8.63897689e-15  2.51601704e-13
  2.13437703e-13  2.06835383e-14  1.02655598e-13 -1.76680805e-14
 -3.67431804e-14  1.00809826e-13  8.47315315e-14 -3.46837861e-15
  2.06848734e-14 -1.02033076e-14  8.63897689e-15  2.94611233e-14
  3.44611813e-14  3.86903941e-14  3.80009693e-14  4.71748011e-15
  4.02978334e-14 -1.62579494e-14  3.12120053e-15  1.00805437e-13
  3.63054704e-14  2.34916968e-13  8.39094816e-14 -1.20122484e-14
 -6.68752904e-15 -4.23881872e-14  9.40982214e-14  8.19950564e-14
  5.92652135e-14  4.72169234e-15  3.14667858e-13 -3.20056912e-14
 -6.68252326e-15  8.20002363e-14  5.05214417e-14  1.46696521e-14
 -7.02035623e-15 -1.01974111e-14  7.08296538e-14  4.85090897e-15
  3.79951689e-14 -8.63788699e-15  2.06858839e-14  2.81348860e-14
 -1.02022859e-14 -7.01630554e-15 -8.20442592e-15  1.01531237e-15
  8.63620420e-15  2.81350058e-14 -9.49395811e-17  1.59999453e-13
  1.61462206e-14  4.02905643e-14  2.83712940e-14 -1.01284570e-14
  1.01843614e-15  8.04047449e-14  8.19993336e-14 -2.68624714e-14
 -8.20297519e-15  4.85090897e-15  1.51974858e-13 -6.68642625e-15
  8.70770356e-16  6.65214840e-13  1.00000000e+00  5.92502012e-14
  2.66995552e-14  1.61497645e-14 -4.06934209e-14 -1.20100284e-14
  4.09885266e-13  1.46661082e-14  9.77506720e-14  2.51601335e-13
  8.77975561e-15  7.62680450e-14  6.34344393e-14  2.40637657e-14
 -1.20100284e-14  7.17658072e-14  1.00091947e-13  8.20045321e-14
  4.72157250e-15 -1.78651562e-14  9.73157588e-14  1.01818375e-15
  2.40732148e-14  1.54721803e-13  3.86893269e-14  4.72169234e-15
  2.51609819e-13 -3.46692789e-15  2.81262169e-14  3.86903941e-14
 -8.20297519e-15  1.12492605e-13  8.65884387e-16  5.60729061e-14
  1.10692797e-14  7.17682838e-14  3.88692255e-14  2.81262169e-14
 -1.76635149e-14 -8.20718743e-15 -1.62556620e-14  2.94622648e-14
  6.25454549e-14 -3.20056912e-14  8.64118570e-15 -1.80152940e-14
  5.60704296e-14  1.52695461e-14  2.66946369e-14 -1.02033076e-14
  8.24525713e-14 -9.96093757e-17 -9.02060078e-17  2.59209793e-14
  1.46688940e-14  5.60739734e-14  7.62603801e-14 -3.47007274e-15
  1.20402852e-13  1.21617193e-13  8.70107759e-16  2.24336079e-13
  8.64873897e-16 -1.01974111e-14  1.61504328e-14 -1.80153227e-14
  5.60739734e-14  1.61493655e-14  1.46667807e-14  2.71304779e-13
  8.47374190e-14  2.94621338e-14  8.65895515e-16  5.58307060e-14
 -8.20231258e-15  1.13142738e-13  8.68657023e-16  5.09382632e-14
  3.43941148e-13 -3.35358235e-14  4.71854746e-15  4.71290339e-15
  1.00809867e-13  1.57986836e-13  4.02895155e-14  8.19962900e-14
 -3.67431804e-14  2.67023279e-14  1.00087527e-13 -6.68264310e-15
  4.09885871e-13  8.68657023e-16  2.02199748e-13  3.85195790e-14
  8.24480147e-14  2.94583506e-14  1.72875948e-14 -8.20719856e-15
  5.09402162e-14  6.15616365e-14  3.54145283e-14 -1.78602814e-14
  1.46726771e-14  1.46726771e-14  5.60729061e-14  3.44626133e-14
  1.00807073e-13  2.51594893e-13  5.43020300e-14 -2.88464732e-14
  5.42998099e-14  3.79972446e-14  8.88110485e-14  2.40692933e-14
 -1.03767642e-14  1.33981735e-13  1.22313585e-13  1.01531237e-15
  2.40701261e-14  1.57992866e-13 -6.68853955e-15  1.61500169e-14
  2.06828700e-14 -1.00118216e-16  5.05207733e-14  8.19995577e-14
  6.25452845e-14  6.25429065e-14 -3.67431804e-14  2.71569141e-14
  2.83795259e-14  2.06870822e-14  2.81283170e-14  4.71500353e-15
  2.67082243e-14  2.94622648e-14  2.81300001e-14  4.61681920e-14
  2.24338194e-13 -3.46759616e-15  2.06821007e-14  2.67044411e-14
  4.85181302e-15  1.84155319e-13  1.35001703e-12  8.20033843e-14
  3.54183114e-14  1.38052323e-13  2.67044411e-14  3.44695252e-14
 -1.76635149e-14  2.67058675e-14  2.00006943e-13  1.10617033e-14
  3.86832995e-14  5.92554735e-14  4.71748011e-15  3.88730354e-14
  2.67083441e-14  9.77416997e-14  6.34220564e-14  5.92529795e-14
 -1.76628467e-14  8.63409099e-15  2.40745857e-14  8.39109970e-14
  1.51978048e-13  5.05239183e-14  7.62600196e-14 -2.67685792e-14
  2.59279915e-14  1.51977968e-13 -1.09217642e-14 -1.76642974e-14
  2.81314619e-14  2.71307535e-13  4.02958759e-14  8.39113840e-14
  1.02120880e-15  2.66942788e-14  5.80236793e-14  1.38203931e-13
  8.65884387e-16  4.71879983e-15 -3.35358235e-14 -1.80143859e-14
  4.71814841e-15  5.39991312e-14  4.02895985e-14  3.85223649e-14
 -7.01806887e-15  8.19997206e-14  8.04105967e-14  1.57992469e-13
  3.79981813e-14  3.86881853e-14  4.71778933e-15  4.71290339e-15
  1.61479036e-14 -3.93651588e-14  3.88763654e-14 -1.19510322e-14
  8.63998739e-15  1.55426228e-15  1.61529094e-14  1.61529094e-14
 -8.20297519e-15  8.04130759e-14  8.64011841e-15  1.72875948e-14
  1.35000817e-12 -8.30403646e-15  7.08307210e-14  3.80056448e-14
  1.01711641e-15  2.06848734e-14 -2.68624714e-14  2.81311028e-14
 -1.62579167e-14  2.82428647e-13  5.05178909e-14  8.04146185e-14
  5.92550035e-14 -1.02022971e-14 -3.35358235e-14  8.88175967e-14
  1.95506823e-13  5.05207733e-14  5.48225446e-14 -1.78651673e-14
  1.10684428e-14  1.61527895e-14 -3.20056912e-14  7.49991743e-14
  8.04109572e-14  2.02198986e-13  1.84161929e-13  1.21598904e-13
  4.02968767e-14  4.61681920e-14 -2.67727915e-14  2.54184216e-14
  2.54145574e-14  1.65531111e-13  5.60739734e-14 -7.01347485e-15
 -1.02033076e-14 -8.20820904e-15  8.24469664e-14  1.88834917e-13
  1.79127870e-14  3.85196078e-14  1.12504007e-13  8.77897319e-15
 -1.78651562e-14  7.49991743e-14  6.65218661e-13  8.04176856e-14
  1.46696521e-14  2.94621338e-14 -1.78651673e-14  4.71668656e-15
 -1.78661779e-14  5.39991600e-14 -1.78651562e-14  1.21608145e-13
  2.02201007e-13  3.97084801e-14  7.49969543e-14  1.01742564e-15
  1.13142819e-13  1.61490064e-14 -1.01980737e-14  2.24335143e-13
  1.61500169e-14  2.67041319e-14  3.12829523e-15  4.71778933e-15
 -3.93651588e-14 -1.20122484e-14  8.88160985e-14  2.71300237e-13
  7.62652657e-14  2.71296971e-13  1.01463983e-15  3.31432335e-13
  1.22300512e-13  4.61704120e-14  5.60697611e-14  1.00082385e-13
 -3.93651588e-14  9.94844820e-14 -3.35358235e-14  8.39087948e-14
  2.66950469e-14 -4.06934209e-14  6.34340466e-14  6.59580036e-14
  1.46667807e-14  9.73133102e-14  1.02132863e-15  5.80200560e-14
  1.46699044e-14  8.19935117e-14  3.80048767e-14  4.71854746e-15
  5.20851687e-13  3.85231057e-14  8.88150919e-14  3.97053949e-14
 -1.02022859e-14  8.88152262e-14  2.02195467e-13  1.20407080e-13
  2.59196246e-14  4.79301341e-14  7.62679064e-14  5.20846399e-13
  1.33989802e-13  1.20401391e-13 -1.01404474e-14  8.20061060e-14
  6.25413671e-14  1.38204734e-13  8.04186221e-14  2.94597882e-14
  1.61441204e-14 -7.02032747e-15 -1.02012186e-14 -9.15770743e-17
 -4.63152050e-14 -1.19499294e-14  4.71778933e-15  6.59595435e-14
 -8.29412427e-15  1.46677912e-14  3.31430995e-13  3.31426239e-13
  8.63998739e-15  1.65520358e-13  1.65523257e-13  8.24477206e-14
  2.81289896e-14  2.66976289e-14  2.67058675e-14  4.71500353e-15
  5.05237872e-14 -8.20612003e-15  2.23869422e-13  3.14657894e-13
 -1.62510680e-14  1.38052384e-13 -8.29767613e-15  6.15674632e-14
  2.66856809e-14  1.54713467e-13 -3.20056912e-14  2.40612775e-14
 -1.01270860e-14  1.46699044e-14  1.61497645e-14  3.31431708e-13
  8.63764182e-15  8.63697348e-15  2.94591199e-14  1.51978504e-13
 -1.62556620e-14  2.13424737e-13  1.61500169e-14  7.84950692e-14
  2.67054516e-14  4.09884529e-13  2.06860149e-14  3.12722793e-15
  8.63620420e-15  4.71921576e-15  8.20018119e-14  9.40993399e-14
  4.05068858e-14  1.20396756e-13  5.05200040e-14 -1.01974111e-14
  3.86891958e-14  5.92538210e-14  1.86134265e-13 -1.02012186e-14
  3.43943820e-13  1.38050319e-13  9.41002824e-14  5.60704295e-14
  9.77441775e-14 -1.03567424e-16  5.05178909e-14 -7.02032354e-15
  2.22992731e-15  5.47107429e-14  2.51602486e-13  5.92567915e-14
  4.02971164e-14  2.66883651e-14  2.06176573e-14 -8.20612003e-15
 -8.20442592e-15 -8.20719856e-15  1.61486972e-14  8.63697348e-15
  5.80286835e-14  1.79126520e-14  1.28497256e-13 -8.29549533e-15
 -1.02022971e-14  1.25404606e-14  1.61468931e-14  2.06176573e-14
  1.46703204e-14  5.92527203e-14  6.65207024e-13  1.33985307e-13
  5.20843898e-13  2.02200231e-13  3.09492703e-13 -4.63152050e-14
  1.22298287e-13 -7.02035623e-15  2.67041319e-14 -8.20719856e-15
  1.00810403e-13 -4.06934209e-14  6.65207725e-13  1.33503445e-13
  1.84171760e-13  9.94856005e-14  1.46688940e-14  1.52681627e-14
 -8.20612003e-15 -3.46626527e-15  2.66919582e-14  3.88689809e-14
 -3.47114013e-15  8.47266657e-14 -2.57016481e-14  3.63016384e-14
  5.80190078e-14 -1.78640888e-14  5.60668787e-14  2.06799875e-14
  5.48292292e-14 -1.01974111e-14  1.61500169e-14  7.84956950e-14
  5.92564101e-14  2.54191623e-14  1.58779744e-13 -3.47007274e-15
  5.47201971e-14  5.80157638e-14  2.81283170e-14  9.73126879e-14
  1.12509674e-13  2.82428164e-13  3.43945207e-13 -3.67431804e-14
  2.66893217e-14  1.46699044e-14  6.34354175e-14 -8.30395740e-15
  8.39125473e-14  2.06176573e-14  5.60668787e-14  5.92540604e-14
 -8.63386505e-15  7.08257395e-14  1.25486925e-14  3.85175839e-14
  5.92569258e-14  4.09888594e-13  4.02932394e-14  1.21035412e-13
  4.72157250e-15 -3.47216174e-15  8.63620419e-15  2.23677991e-15
 -1.78640888e-14  1.00088574e-13  1.21613176e-13  1.01463983e-15
  2.06799875e-14  5.65074053e-14  1.12499860e-13  2.81318609e-14
  2.81307936e-14  1.35002208e-12  8.04152658e-14  9.40938471e-14
  5.05207733e-14  6.25406130e-14  8.24518083e-14  1.61527895e-14
  1.38208834e-13  8.64118570e-15  8.19944194e-14  1.61500169e-14
  1.21610036e-13  2.02199010e-13  5.05227767e-14  4.02915010e-14
 -7.01790517e-15  1.61490064e-14  2.40652994e-14  9.61522835e-15
  5.80256918e-14  3.44677668e-14  1.46699044e-14 -7.01941945e-15
 -3.67431804e-14 -1.78616123e-14  5.60689918e-14 -1.76659915e-14
  2.40724467e-14  5.05239183e-14 -3.35358235e-14  8.77620054e-15
  8.19910346e-14  3.14670335e-13  8.65895515e-16  1.10668433e-14
  8.39145714e-14  2.94611233e-14  4.02998978e-14  5.60697611e-14
 -4.23881872e-14  2.54131206e-14  1.46685847e-14  1.52681915e-14
  8.39150905e-14  1.33492759e-13  4.02929189e-14  2.06835383e-14
  8.24529799e-14  1.72898148e-14  2.24332401e-13  1.61479036e-14
  8.63409099e-15  1.00081918e-13  8.47295645e-14  3.86868503e-14
  2.67048002e-14 -2.57062137e-14  3.43941788e-13  1.21033130e-13
  1.10601550e-14 -1.76621840e-14 -1.78609440e-14  4.33768169e-14
  4.09882162e-13  1.65528996e-13  4.33823188e-14  1.46703204e-14
 -1.76680805e-14  5.58337706e-14  2.13431185e-13  8.47234267e-14
  2.34923415e-13  8.64011841e-15 -1.01306379e-14  2.81348860e-14
  1.52697098e-14  1.01843614e-15  1.95499486e-13  4.02942890e-14
  2.02202818e-13 -1.78623947e-14  1.72875948e-14 -2.13141514e-14
 -1.76659915e-14  2.94562374e-14 -4.23881872e-14  9.73124025e-14
  1.00000000e+00  1.33980582e-13  4.09883611e-13  2.66959801e-14
  2.67023279e-14  1.61441204e-14 -3.47216174e-15 -1.76670589e-14
  2.94583506e-14  8.39099484e-14  5.92545077e-14 -1.02022971e-14
  1.00808993e-13  1.84153094e-13  9.41076755e-14  3.63082375e-14
  8.39177694e-14  5.92636283e-14  2.71593506e-14  4.71854744e-15
  9.31177213e-13  9.94904707e-14  8.88169057e-14  1.86135839e-13
  2.13440180e-13  4.71290339e-15  1.20399988e-13  2.81325292e-14
  6.59635615e-14  5.31183739e-14 -3.93651588e-14  6.65216730e-13
  5.48293930e-14  1.01253971e-15  2.81307936e-14 -1.01995244e-14
  2.24335777e-13  8.04153067e-14  7.62676838e-14  1.86132691e-13
  1.61468931e-14  1.61493655e-14  2.94622648e-14  7.49991743e-14
  5.60727751e-14 -8.29937734e-15  3.09497652e-13  2.22989854e-15
  2.54167692e-14  2.71303255e-13  1.46640080e-14 -1.78609440e-14
  1.46692531e-14  2.94597882e-14  8.39076942e-14  8.70770356e-16
  4.61704120e-14  1.54719240e-13  6.65204755e-13  2.66995552e-14
 -1.02022859e-14  4.71567606e-15  2.06828700e-14  5.60704295e-14
  1.12500859e-13  8.88145724e-14  4.09881068e-13  4.61704120e-14
  1.01463983e-15  2.06154373e-14  1.61479036e-14  1.57979439e-13
  2.82432185e-13  4.79283747e-14  5.60717646e-14  1.55953437e-15
  2.22992731e-15  1.10657680e-14  2.06835383e-14  2.54172887e-14
  2.94583506e-14  1.61529094e-14  1.01885206e-15  1.20410228e-13
  1.35002284e-12  2.23394923e-15 -1.02022859e-14  8.04108766e-14
  3.63049075e-14 -8.63546469e-15  3.86881853e-14  7.49969543e-14
  1.65519824e-13  4.02910491e-14  3.12475137e-15  2.06828700e-14
  2.34925218e-13  1.10618943e-14 -1.78616123e-14  2.02202701e-13
  3.14661340e-13  1.46696521e-14  8.20074490e-14  2.54257107e-14
 -8.20718743e-15  7.17681527e-14 -8.20820904e-15  3.79995992e-14
  5.05237872e-14  2.54156357e-14  4.71668656e-15 -4.06934209e-14
  1.57985261e-13  2.67054516e-14 -3.35358235e-14  2.24326318e-13
  5.42998099e-14  1.13141183e-13  2.54265477e-14  8.70770356e-16
 -8.20297519e-15  5.20848982e-13  8.04161735e-14  1.00085901e-13
  2.00004107e-13  4.85332733e-15  3.43949647e-13  1.55150207e-15
 -3.46626527e-15  4.85316359e-15  4.09883546e-13  5.80246126e-14
  9.73115695e-14  2.06154373e-14 -3.67431804e-14  4.33823188e-14
  6.25444876e-14  3.54233172e-14  2.66929591e-14  4.85492694e-15
  1.61490064e-14  1.20409545e-13  5.09434689e-14  4.61704120e-14
  3.54204247e-14  1.00081232e-13  2.82430096e-13  1.86130666e-13
 -2.57051921e-14  1.38207214e-13  2.40720836e-14  1.38197143e-13
  1.58783182e-13  2.71296099e-13  7.85028136e-14  8.39134644e-14
  8.39134753e-14  9.73096495e-14  6.34348148e-14  1.01711641e-15
 -1.01359206e-14  2.67044411e-14  2.82434669e-13  1.86128464e-13
  8.39104475e-14  2.71500916e-14  2.06860149e-14  1.54712344e-13
 -1.19461462e-14  8.39161368e-14 -1.76621840e-14 -1.76670700e-14
  1.54718333e-13 -1.02012186e-14  5.05249855e-14 -4.23549552e-14
  8.19960308e-14  1.54850504e-15 -3.46759616e-15 -1.62538987e-14
  1.52765583e-14  1.46696521e-14  5.48209973e-14  1.12506682e-13
 -3.67431804e-14  4.02922827e-14  3.63010975e-14  5.20846304e-13
  2.81318609e-14  4.05047726e-14  1.86122367e-13  1.22313585e-13
  5.60727751e-14  3.31433500e-13  2.22993126e-15  4.71814841e-15
  1.01742564e-15  2.81314619e-14  3.97085089e-14  1.46688940e-14
  2.71519652e-14  9.73148223e-14  4.02993988e-14  5.05249855e-14
  8.04221244e-14  1.46640080e-14 -9.70402527e-17  1.01531237e-15
  6.25416612e-14  9.73153975e-14  1.46685847e-14 -1.02022971e-14
  4.02966154e-14  3.86891958e-14  1.51975010e-13  2.67048002e-14
  8.79849025e-14  8.04186694e-14 -8.20442592e-15  1.50132096e-15
  4.05058753e-14 -2.57052032e-14 -2.57009798e-14 -1.01339202e-14
  1.21616006e-13 -1.01995244e-14  5.48210261e-14  1.46640080e-14
 -1.02022971e-14 -8.20718743e-15  3.80070157e-14 -1.09189915e-14
  4.61681920e-14  4.61704120e-14  8.78042389e-15 -1.76628467e-14
 -3.58204100e-14 -1.20100284e-14  2.06821007e-14  1.10533755e-14
 -1.76628467e-14  6.25462178e-14  3.88757925e-14  1.46692531e-14
  8.88162251e-14  1.20408653e-13  1.20396118e-13  3.44695363e-14
  3.86868503e-14  4.03009728e-14  1.58785038e-13  2.06870822e-14
  8.88194206e-14 -2.10233769e-15 -1.19495703e-14  1.01818375e-15
 -1.62579206e-14 -8.20364346e-15  8.47324388e-14  2.94562374e-14
  1.50340998e-15  2.66926977e-14  2.66903714e-14 -1.20100284e-14
  3.31431011e-13  1.46703204e-14  2.81321133e-14  3.86881853e-14
  8.20001020e-14  3.86854126e-14  8.39118996e-14  2.23218589e-15
  5.31221839e-14  8.24441456e-14  3.12709693e-15  1.54722105e-13
  1.22308883e-13  1.46640080e-14 -2.10250140e-15 -1.01974111e-14
  2.67044411e-14  5.47195963e-14  1.46703204e-14  5.80161870e-14
  8.70107759e-16  1.00078520e-13  2.24331337e-13 -2.57024305e-14
  9.94801077e-14  6.59545130e-14  1.46692531e-14  1.95507974e-13
  2.40723069e-14  8.63409099e-15  1.55207080e-15 -4.23881872e-14
 -4.23881872e-14  1.00090206e-13  2.81348860e-14  5.60729061e-14
 -9.54590932e-17  3.86903941e-14  2.06860149e-14  1.10595012e-14
 -4.63152050e-14 -1.01980737e-14  1.84175777e-13  1.61479036e-14
  5.05249855e-14  5.80238497e-14  2.71502259e-14 -4.63152050e-14
  4.85090502e-15  3.86861819e-14  3.86832995e-14  1.61462206e-14
  2.02204220e-13  1.12501698e-13  5.80213013e-14  8.04249546e-14
  1.01531237e-15 -1.62538987e-14  4.09882332e-13  9.73124434e-14
  5.80151380e-14  5.60689918e-14  1.59997992e-13  1.01778471e-15
  2.81307936e-14  9.77408413e-14  1.02120880e-15  9.41042101e-14
  1.38208315e-13  4.09887268e-13  2.40713666e-14 -8.20364346e-15
  1.00087008e-13  1.21610061e-13  2.67016553e-14  1.57980076e-13
  2.81311028e-14  1.12506784e-13  2.83796897e-14  5.65111451e-14
  3.79989630e-14  4.02870272e-14  8.68657023e-16 -3.47216174e-15
  2.06176573e-14  1.46685847e-14  1.46677912e-14  1.33490218e-13
  2.66890013e-14  1.33504046e-13  2.66941390e-14  1.45187839e-13
  2.81350058e-14  5.05178909e-14  7.62646887e-14  3.54231974e-14
  1.46727970e-14  1.51978832e-13 -4.23881872e-14  2.81321133e-14
  8.19982850e-14  9.94826488e-14  3.09488801e-13  2.94621338e-14
  3.44625329e-14  9.31175777e-13  2.06828700e-14  8.20034271e-14
  7.08295227e-14  3.86861819e-14  5.60689918e-14  1.61486972e-14
 -1.78609440e-14  7.49969543e-14 -1.19491713e-14 -1.01369191e-14
 -3.47114013e-15  2.40683960e-14  3.79977294e-14  8.24446943e-14
  8.63620420e-15  1.21602549e-13  5.20839128e-13 -2.57003172e-14
  2.94562374e-14  2.24327442e-13  3.79971036e-14  3.80025561e-14
 -1.19520427e-14 -3.46837861e-15  1.46661082e-14  1.57986173e-13
  2.66866467e-14  1.46727970e-14  8.04103035e-14  1.88842375e-13
  6.65209857e-13 -1.76635149e-14  1.54712933e-13  2.23871713e-13
 -8.20820904e-15  4.02980567e-14  1.12504285e-13  5.20841146e-13
 -6.69131221e-15  8.66962901e-16  1.46726771e-14  1.01632285e-15
  1.01632285e-15  1.00805518e-13  4.09884770e-13  1.65521267e-13
  6.65199767e-13  2.71473603e-14  4.61704120e-14  3.86854126e-14
 -1.01323391e-14  5.80250213e-14  2.67023279e-14 -1.62554983e-14
 -2.67738131e-14  6.34317646e-14  1.25488563e-14  8.24536505e-14
  2.81325292e-14  1.38052136e-13  3.31433050e-13 -8.63103439e-15
 -3.20056912e-14  1.12509299e-13  8.70107759e-16  4.33785844e-14
  8.77621167e-15  5.40042490e-14  1.52763946e-14  1.72875948e-14
  5.20849494e-13  3.97135980e-14  2.67051992e-14 -3.35358235e-14
  1.58781922e-13  2.40708656e-14  1.12510193e-13  1.00088632e-13
  7.84989390e-14  1.35002274e-12  8.39051750e-14 -2.10073805e-15
 -6.68566814e-15  9.62104442e-15  1.01778471e-15  1.22317306e-13
  1.72898148e-14  2.67058675e-14 -8.20364346e-15  6.34269708e-14
  8.24430966e-14  2.67048002e-14  6.15624783e-14  8.88108574e-14
  1.22314828e-13  5.09344533e-14  1.25418440e-14  2.34927028e-13
 -1.78616123e-14  1.22316952e-13  4.09888375e-13  1.65524254e-13
  8.04190100e-14  2.94562374e-14 -3.47115126e-15 -3.47115126e-15
  1.00000000e+00  1.01632285e-15  1.38210503e-13  1.45189395e-13
  4.71814841e-15 -1.01995244e-14  1.84164053e-13  4.72169234e-15
  9.77297530e-14  1.02120880e-15  1.55565235e-15  4.03015466e-14
  4.09876298e-13  2.66995552e-14 -2.68624714e-14  2.54106435e-14
  9.73080939e-14  1.01778471e-15  1.28509208e-13  1.00091549e-13
 -8.20719856e-15  1.20404841e-13 -1.01355329e-14  2.94597882e-14
  1.61441204e-14  7.62640414e-14  8.66962901e-16  1.01885206e-15
  2.83728412e-14  8.70107759e-16  1.61493655e-14  1.10563726e-14
  7.08236264e-14  8.79826825e-14  5.75777956e-14  3.14654892e-13
  4.02981965e-14  5.80197619e-14 -1.78640888e-14  5.05239183e-14
  2.94633321e-14  1.86868488e-13  1.54724220e-13  1.61479036e-14
  1.86875125e-13  1.52713055e-14  5.42998099e-14  1.28500528e-13
  2.13420254e-13 -2.13141514e-14  7.49969543e-14  2.40671692e-14
  4.71290339e-15  8.70770356e-16  1.00091039e-13  1.61441204e-14
  1.38206944e-13  1.38203734e-13  2.94611233e-14  2.71484673e-14
 -3.67431804e-14  8.64011841e-15  3.54191050e-14  1.46685847e-14
  1.95513976e-13  2.51598057e-13  1.54714376e-13  2.94591199e-14
  1.56002830e-15  3.54201723e-14  8.78108649e-15  2.00001233e-13
  1.51978694e-13  3.86903941e-14  6.65211817e-13 -3.35358235e-14
  2.81283170e-14  6.25377922e-14 -4.83262396e-14  8.04078525e-14
  8.88185351e-14  1.00082414e-13  1.86134760e-13  3.86861819e-14
  1.57988376e-13  1.54717363e-13  4.71854746e-15  8.64118569e-15
 -8.29885783e-15  5.05214417e-14  3.85229146e-14 -6.68499983e-15
  2.67033384e-14  1.61527895e-14  1.20406865e-13  1.21034766e-13
  3.79961957e-14  1.33986867e-13  3.79999196e-14  8.47255428e-14
  8.77727904e-15 -8.20612003e-15  6.15596042e-14  1.65525318e-13
  4.85316359e-15  2.94622648e-14 -7.01806887e-15  5.31241368e-14
  1.12507282e-13  3.85213663e-14  1.46677912e-14  5.92627955e-14
  2.54241112e-14  8.04170936e-14 -8.20364346e-15  1.46696521e-14
  4.33769519e-14  6.59506810e-14  5.75711593e-14  2.81321133e-14
 -3.93651588e-14 -1.01995244e-14  1.01843614e-15  5.60727751e-14
  8.20054099e-14  2.23234962e-15 -3.47216174e-15  3.44603990e-14
  8.39112211e-14  3.97069133e-14 -2.68624714e-14  2.06821007e-14
  1.86125600e-13 -1.02022859e-14 -1.19527152e-14  5.60704296e-14
  2.82431615e-13  8.63697347e-15  2.51606011e-13  2.71464434e-14
 -2.67692475e-14  1.38052618e-13  1.01778471e-15  2.67048002e-14
  1.33990783e-13  1.00092624e-13  2.06154373e-14  5.20842874e-13
  4.72157250e-15  2.40662848e-14  2.66902281e-14  6.25367432e-14
 -8.30257121e-15  5.39960460e-14  8.63764182e-15 -1.01980737e-14
  6.59532582e-14  8.47261319e-14  1.35001179e-12  3.80008260e-14
  2.94611233e-14  1.46699044e-14  1.21600291e-13  1.10572894e-14
 -8.20442592e-15  1.84160607e-13  1.22302770e-13 -7.01347487e-15
  2.51591522e-13 -9.10831576e-17  1.46688940e-14  2.23873863e-13
  1.10600207e-14 -2.09790739e-15  2.67041319e-14  1.61529094e-14
  5.60717646e-14  2.06154373e-14  8.63409099e-15  1.61490064e-14
  1.12509773e-13  4.02985546e-14  8.19987841e-14  8.19983140e-14
  9.61512733e-15 -8.63791577e-15  1.46677912e-14  6.59493226e-14
 -1.01987420e-14  1.61529094e-14  4.05030895e-14  6.25373690e-14
 -4.06934209e-14  1.51976413e-13  1.01843614e-15  5.92578716e-14
  4.71778933e-15 -1.76680805e-14  1.58789575e-13  1.01253971e-15
  2.23868877e-13  2.06799875e-14  2.83744368e-14  8.64873897e-16
  1.20405055e-13  1.60003680e-13  1.46726771e-14  2.71517741e-14
  5.09342087e-14  8.88065451e-14 -1.01344830e-14  8.04147670e-14
  8.47343673e-14]
917, 0.99999999998258471106, 0.99999999998258471684, 0.99999999998258462160, 0.9999999999825846