
The optimal value is 0.9999999999999968
A solution y is [0.00275433 0.00338819 0.00275433 0.0021881  0.00275433 0.00275433
 0.00226369 0.00226369 0.00226369 0.0021881  0.00338819 0.00226369
 0.00239329 0.00239329 0.00239329 0.00171617 0.00226369 0.00226369
 0.00275433 0.00226369 0.00338819 0.00171617 0.00761042 0.00338819
 0.00338819 0.00275433 0.00226369 0.00275433 0.0021881  0.00239329
 0.00275433 0.00171617 0.00338819 0.00239329 0.00338819 0.00338819
 0.00275433 0.00275433 0.00226369 0.00239329 0.00226369 0.00239329
 0.00226369 0.00275433 0.00239329 0.00226369 0.00239329 0.00338819
 0.00226369 0.00239329 0.00239329 0.0021881  0.00275433 0.00171617
 0.00239329 0.00226369 0.00761042 0.00275433 0.00239329 0.00275433
 0.00239329 0.00275433 0.00761042 0.00338819 0.00275433 0.0021881
 0.00275433 0.00239329 0.00226369 0.00215388 0.00338819 0.0021881
 0.00275433 0.00338819 0.00275433 0.00226369 0.00338819 0.00761042
 0.00239329 0.00338819 0.00275433 0.00239329 0.00239329 0.0021881
 0.00228377 0.00226369 0.0021881  0.00239329 0.00239329 0.0021881
 0.00275433 0.00239329 0.00275433 0.00338819 0.00239329 0.00171617
 0.00275433 0.0021881  0.00275433 0.00239329 0.00275433 0.00226369
 0.00226369 0.00275433 0.00239329 0.00239329 0.00239329 0.00226369
 0.00239329 0.00338819 0.0021881  0.00226369 0.00239329 0.0021881
 0.00171617 0.00239329 0.00226369 0.00239329 0.00338819 0.00275433
 0.00239329 0.00226369 0.0021881  0.00171617 0.00226369 0.00239329
 0.00239329 0.00761042 0.00228377 0.00226369 0.00239329 0.0021881
 0.00761042 0.00239329 0.00239329 0.0021881  0.00275433 0.00226369
 0.00226369 0.0021881  0.0021881  0.00239329 0.00239329 0.00275433
 0.00275433 0.00338819 0.0021881  0.00275433 0.00239329 0.00338819
 0.00275433 0.00239329 0.00338819 0.00226369 0.00239329 0.0021881
 0.00239329 0.00761042 0.00226369 0.00275433 0.00338819 0.00215388
 0.00275433 0.00338819 0.00275433 0.00239329 0.00215388 0.00338819
 0.0021881  0.00226369 0.00239329 0.00239329 0.00226369 0.00239329
 0.00338819 0.00275433 0.00239329 0.00338819 0.00226369 0.00226369
 0.00275433 0.00239329 0.00275433 0.00226369 0.0021881  0.00239329
 0.00338819 0.00275433 0.00275433 0.00275433 0.00239329 0.0021881
 0.00275433 0.00171617 0.00239329 0.00338819 0.00275433 0.00226369
 0.00226369 0.00226369 0.0021881  0.00239329 0.00338819 0.00338819
 0.00239329 0.00239329 0.00239329 0.00338819 0.00171617 0.0021881
 0.00338819 0.00275433 0.0021881  0.00215388 0.00338819 0.0021881
 0.00239329 0.00228377 0.00338819 0.00228377 0.00215388 0.0021881
 0.00275433 0.00239329 0.00239329 0.00275433 0.00275433 0.00338819
 0.00338819 0.00239329 0.00239329 0.00338819 0.00239329 0.0021881
 0.0021881  0.00338819 0.00226369 0.00338819 0.00239329 0.00226369
 0.00171617 0.00761042 0.00239329 0.00171617 0.00239329 0.0021881
 0.0021881  0.0021881  0.00239329 0.00239329 0.00239329 0.00226369
 0.00239329 0.00275433 0.00338819 0.00275433 0.00275433 0.00338819
 0.00275433 0.0021881  0.00239329 0.00226369 0.00226369 0.00239329
 0.00761042 0.00338819 0.00239329 0.00239329 0.00338819 0.00275433
 0.00239329 0.00275433 0.00239329 0.00239329 0.00228377 0.00239329
 0.0021881  0.00275433 0.0021881  0.00275433 0.00215388 0.0021881
 0.00239329 0.00226369 0.00275433 0.00239329 0.00226369 0.0021881
 0.00338819 0.00239329 0.00338819 0.00171617 0.00239329 0.00239329
 0.00239329 0.00239329 0.07479489 0.00761042 0.0021881  0.00239329
 0.00338819 0.00275433 0.00239329 0.00239329 0.00226369 0.00215388
 0.00228377 0.00226369 0.00215388 0.00226369 0.00239329 0.0021881
 0.00239329 0.00275433 0.0021881  0.00338819 0.00761042 0.00239329
 0.0021881  0.00338819 0.0021881  0.0021881  0.0021881  0.00275433
 0.00239329 0.00239329 0.00275433 0.00239329 0.00275433 0.00239329
 0.00761042 0.00338819 0.00275433 0.00275433 0.0021881  0.00239329
 0.00275433 0.0021881  0.00239329 0.00226369 0.00239329 0.0021881
 0.0021881 ]
296, 0.07479488964811351
DUAL
[7.72875844e-14 1.09616674e-13 1.34779864e-13 2.40862606e-13
 1.34779862e-13 1.09616677e-13 1.34779869e-13 1.09616678e-13
 1.09616675e-13 7.72875855e-14 1.09616680e-13 1.34779868e-13
 1.09616679e-13 1.34779867e-13 2.40862612e-13 1.34779862e-13
 1.09616675e-13 1.34779859e-13 1.09616678e-13 1.34779864e-13
 2.40862593e-13 7.72875864e-14 1.09616680e-13 1.34779861e-13
 1.34779861e-13 1.09616676e-13 7.72875876e-14 1.09616680e-13
 1.34779863e-13 1.09616681e-13 1.34779870e-13 2.40862598e-13
 1.09616677e-13 1.34779858e-13 2.40862596e-13 1.34779865e-13
 1.09616676e-13 1.34779863e-13 1.09616682e-13 7.72875861e-14
 1.34779863e-13 1.09616673e-13 1.34779862e-13 1.09616680e-13
 7.72875854e-14 2.40862602e-13 1.34779868e-13 1.09616677e-13
 1.34779860e-13 2.40862588e-13 1.34779859e-13 1.09616674e-13
 1.34779858e-13 1.09616676e-13 7.72875856e-14 1.09616674e-13
 2.40862597e-13 1.34779858e-13 1.09616677e-13 7.72875864e-14
 1.09616677e-13 1.34779865e-13 1.09616681e-13 1.34779863e-13]DUAL OVER
