
The optimal value is 4.000000000005574
A solution y is [ 1.03286230e-01 -1.61334086e-12  1.03286229e-01  1.03286231e-01
  1.01774112e-01  1.03286230e-01  1.27320419e-01  1.01774111e-01
  1.27320417e-01  1.03286229e-01 -1.61334086e-12  5.46920376e-13
  1.27320418e-01  1.03286229e-01  1.28666025e-01  1.27320418e-01
  1.27320418e-01  5.26959151e-12  5.46920376e-13  1.03286229e-01
 -1.61334086e-12  1.03286229e-01  1.03286230e-01  1.01774110e-01
  1.27320417e-01  5.46920376e-13 -1.61334086e-12  5.46920376e-13
 -1.61334086e-12  1.03286230e-01  1.01774111e-01  1.01774109e-01
  1.03286228e-01 -1.61334086e-12  1.01774110e-01  1.03286228e-01
  1.28666026e-01  1.28666026e-01  1.03286229e-01  1.03286229e-01
  1.03286230e-01  1.27320419e-01  1.27320417e-01  1.01774111e-01
  1.28666027e-01  1.01774110e-01  1.03286230e-01 -1.61334086e-12
 -1.61334086e-12]
0, 0.10328623035961672
2, 0.10328622900077818
3, 0.10328623060592736
4, 0.10177411157339271
5, 0.10328622975433227
6, 0.12732041864801305
7, 0.10177411077135988
8, 0.12732041742083167
9, 0.1032862292321021
12, 0.1273204175493239
13, 0.1032862292804291
14, 0.12866602500813076
15, 0.12732041771389602
16, 0.12732041763753033
19, 0.10328622937494351
21, 0.10328622936699988
22, 0.10328622951134395
23, 0.10177411037535389
24, 0.12732041697087051
29, 0.10328622965131772
30, 0.1017741105479635
31, 0.1017741093633451
32, 0.10328622816156996
34, 0.10177410997222278
35, 0.10328622849095563
36, 0.12866602566654456
37, 0.12866602645169684
38, 0.10328622911715661
39, 0.1032862293949495
40, 0.10328622998087315
41, 0.1273204186815952
42, 0.1273204170953145
43, 0.10177411065417696
44, 0.12866602676773206
45, 0.10177411026106038
46, 0.10328622959737291
DUAL
[1.00000000e+00 4.13240122e-12 2.92491987e-12 4.13240126e-12
 4.13240153e-12 1.00000000e+00 4.13240037e-12 2.85100974e-12
 4.13240182e-12 2.85100998e-12 4.13240155e-12 1.00000000e+00
 2.92492033e-12 4.13240221e-12 1.00000000e+00 4.13240172e-12
 3.31194955e-12 3.03439019e-12 3.03439018e-12 2.94739719e-12
 3.31194986e-12 3.03438987e-12 2.09719956e-12 2.94739740e-12
 2.09719974e-12 3.03439034e-12 3.31194975e-12 3.83603566e-13
 2.94739767e-12 3.31194970e-12 2.94739733e-12 3.31194943e-12
 2.94739697e-12 3.83603511e-13 2.94739700e-12 3.03439021e-12
 3.31194943e-12 2.94739637e-12 2.09719956e-12 3.03439024e-12
 2.09719974e-12 2.94739721e-12 3.31194902e-12 3.03439041e-12
 3.31194903e-12 3.03439012e-12 1.47023970e-12 2.23835668e-12
 1.47023966e-12 1.47023971e-12 2.11900602e-12 1.47023968e-12
 2.40884855e-12 2.11900599e-12 2.40884848e-12 1.47023967e-12
 2.23835668e-12 3.72884728e-12 2.40884851e-12 1.47023967e-12
 2.32931231e-12 2.40884850e-12 2.40884849e-12 2.09306591e-12
 3.72884728e-12 1.47023967e-12 2.23835668e-12 1.47023967e-12
 1.47023968e-12 2.11900598e-12 2.40884847e-12 3.72884728e-12
 2.23835668e-12 3.72884728e-12 2.23835668e-12 1.47023968e-12
 2.11900597e-12 2.11900592e-12 1.47023963e-12 2.23835668e-12
 2.11900596e-12 1.47023964e-12 2.32931234e-12 2.32931237e-12
 1.47023966e-12 1.47023967e-12 1.47023969e-12 2.40884855e-12
 2.40884846e-12 2.11900598e-12 2.32931239e-12 2.11900595e-12
 1.47023968e-12 2.23835668e-12 2.23835668e-12]DUAL OVER
