9 <-> 18
1 2 4 5 <-> 10 11 13 14
1 2 4 5 <-> 14
1 <-> 10 11 13 14
1 <-> 10
5 <-> 10 12 16 18
5 <-> 10 11 12 13 14 15 16 17 18
1 <-> 14
1 2 3 4 5 6 7 8 9 <-> 14
5 <-> 10
5 6 8 9 <-> 14 15 17 18
5 <-> 14 15 17 18
5 6 8 9 <-> 14
5 <-> 10 11 13 14
5 <-> 14
9 <-> 14 15 17 18
9 <-> 14
1 3 7 9 <-> 14
5 6 8 9 <-> 18
5 <-> 18
1 2 4 5 <-> 10
7 8 <-> 16 17
7 8 <-> 17
7 <-> 16 17
7 <-> 16
8 <-> 16 18
8 <-> 16 17 18
7 <-> 17
7 8 9 <-> 17
8 <-> 16
8 9 <-> 17 18
8 <-> 17 18
8 9 <-> 17
8 <-> 16 17
8 <-> 17
9 <-> 17 18
9 <-> 17
7 9 <-> 17
8 9 <-> 18
8 <-> 18
7 8 <-> 16
1 2 4 5 <-> 11 14
1 4 <-> 10 11 13 14
1 4 <-> 10 13
2 5 <-> 10 12 13 15
2 5 <-> 10 11 12 13 14 15
1 4 <-> 11 14
1 2 3 4 5 6 <-> 11 14
2 5 <-> 10 13
2 3 5 6 <-> 11 12 14 15
2 5 <-> 11 12 14 15
2 3 5 6 <-> 11 14
2 5 <-> 10 11 13 14
2 5 <-> 11 14
3 6 <-> 11 12 14 15
3 6 <-> 11 14
1 3 4 6 <-> 11 14
2 3 5 6 <-> 12 15
2 5 <-> 12 15
1 2 4 5 <-> 10 13
1 4 <-> 13 14
1 4 <-> 13
2 5 <-> 13 15
2 5 <-> 13 14 15
1 4 <-> 14
1 2 3 4 5 6 <-> 14
2 5 <-> 13
2 3 5 6 <-> 14 15
2 5 <-> 14 15
2 3 5 6 <-> 14
2 5 <-> 13 14
2 5 <-> 14
3 6 <-> 14 15
3 6 <-> 14
1 3 4 6 <-> 14
2 3 5 6 <-> 15
2 5 <-> 15
1 2 4 5 <-> 13
1 <-> 10 13
2 <-> 10 12 13 15
2 <-> 10 11 12 13 14 15
1 <-> 11 14
1 2 3 <-> 11 14
2 <-> 10 13
2 3 <-> 11 12 14 15
2 <-> 11 12 14 15
2 3 <-> 11 14
2 <-> 10 11 13 14
2 <-> 11 14
3 <-> 11 12 14 15
3 <-> 11 14
1 3 <-> 11 14
2 3 <-> 12 15
2 <-> 12 15
1 2 <-> 10 13
2 <-> 10 12
2 <-> 10 11 12
1 <-> 11
1 2 3 <-> 11
2 <-> 10
2 3 <-> 11 12
2 <-> 11 12
2 3 <-> 11
2 <-> 10 11
2 <-> 11
3 <-> 11 12
3 <-> 11
1 3 <-> 11
2 3 <-> 12
2 <-> 12
1 2 <-> 10
5 <-> 10 11 12 16 17 18
4 <-> 11 17
4 5 6 <-> 11 17
5 <-> 10 16
5 6 <-> 11 12 17 18
5 <-> 11 12 17 18
5 6 <-> 11 17
5 <-> 10 11 16 17
5 <-> 11 17
6 <-> 11 12 17 18
6 <-> 11 17
4 6 <-> 11 17
5 6 <-> 12 18
5 <-> 12 18
4 5 <-> 10 16
4 <-> 11 14 17
4 5 6 <-> 11 14 17
5 <-> 10 13 16
5 6 <-> 11 12 14 15 17 18
5 <-> 11 12 14 15 17 18
5 6 <-> 11 14 17
5 <-> 10 11 13 14 16 17
5 <-> 11 14 17
6 <-> 11 12 14 15 17 18
6 <-> 11 14 17
4 6 <-> 11 14 17
5 6 <-> 12 15 18
5 <-> 12 15 18
4 5 <-> 10 13 16
1 2 3 <-> 14
2 <-> 13
2 3 <-> 14 15
2 <-> 14 15
2 3 <-> 14
2 <-> 13 14
2 <-> 14
3 <-> 14 15
3 <-> 14
1 3 <-> 14
2 3 <-> 15
2 <-> 15
1 2 <-> 13
2 5 8 <-> 13
2 3 5 6 8 9 <-> 14 15
2 5 8 <-> 14 15
2 3 5 6 8 9 <-> 14
2 5 8 <-> 13 14
2 5 8 <-> 14
3 6 9 <-> 14 15
3 6 9 <-> 14
1 3 4 6 7 9 <-> 14
2 3 5 6 8 9 <-> 15
2 5 8 <-> 15
1 2 4 5 7 8 <-> 13
5 6 <-> 11 12
5 <-> 11 12
5 6 <-> 11
5 <-> 10 11
5 <-> 11
6 <-> 11 12
6 <-> 11
4 6 <-> 11
5 6 <-> 12
5 <-> 12
4 5 <-> 10
5 8 <-> 14 15 17 18
5 6 8 9 <-> 14 17
5 8 <-> 13 14 16 17
5 8 <-> 14 17
6 9 <-> 14 15 17 18
6 9 <-> 14 17
4 6 7 9 <-> 14 17
5 6 8 9 <-> 15 18
5 8 <-> 15 18
4 5 7 8 <-> 13 16
5 6 <-> 14 17
5 <-> 13 14 16 17
5 <-> 14 17
6 <-> 14 15 17 18
6 <-> 14 17
4 6 <-> 14 17
5 6 <-> 15 18
5 <-> 15 18
4 5 <-> 13 16
5 8 <-> 13 14
5 8 <-> 14
6 9 <-> 14 15
6 9 <-> 14
4 6 7 9 <-> 14
5 6 8 9 <-> 15
5 8 <-> 15
4 5 7 8 <-> 13
5 <-> 11 14
6 <-> 11 12 14 15
6 <-> 11 14
4 6 <-> 11 14
5 6 <-> 12 15
5 <-> 12 15
4 5 <-> 10 13
6 <-> 14 15
6 <-> 14
4 6 <-> 14
5 6 <-> 15
5 <-> 15
4 5 <-> 13
9 <-> 14 17
7 9 <-> 14 17
8 9 <-> 15 18
8 <-> 15 18
7 8 <-> 13 16
7 9 <-> 14
8 9 <-> 15
8 <-> 15
7 8 <-> 13
2 3 8 9 <-> 15
2 8 <-> 15
1 2 7 8 <-> 13
5 8 <-> 18
4 5 7 8 <-> 16
4 5 <-> 16
