1 2 4 5 11 13 14 <-> 28 29 31 32 37 38 41
1 2 4 5 11 13 14 <-> 28 29 31 32 37 38 41
1 2 4 5 11 13 14 <-> 28 29 31 32 37 38 41
1 2 4 5 10 11 14 <-> 28 29 32 37 38 40 41
1 2 4 5 10 11 14 <-> 28 29 32 37 38 40 41
1 2 4 5 10 11 14 <-> 28 29 32 37 38 40 41
4 5 14 <-> 28 29 32 37 38 40 41 34 35 43 44
4 5 14 <-> 28 29 32 37 38 40 41 34 35 43 44
11 13 14 <-> 28 29 31 32 37 38 41 46 47 49 50
11 13 14 <-> 28 29 31 32 37 38 41 46 47 49 50
10 11 14 <-> 28 29 32 37 38 40 41 46 47 49 50
10 11 14 <-> 28 29 32 37 38 40 41 46 47 49 50
2 3 5 6 11 12 14 <-> 29 32 38 41 30 33 42
2 3 5 6 11 12 14 <-> 29 32 38 41 30 33 42
2 3 5 6 11 12 14 <-> 29 32 38 41 30 33 42
2 3 5 6 11 12 14 <-> 29 32 38 41 30 33 42
5 6 14 <-> 29 32 38 41 30 33 42 35 36 44 45
5 6 14 <-> 29 32 38 41 30 33 42 35 36 44 45
14 <-> 29 32 38 41 30 33 42 35 36 44 45 47 48 50 51 53 54
11 12 14 <-> 29 32 38 41 30 33 42 47 48 50 51
11 12 14 <-> 29 32 38 41 30 33 42 47 48 50 51
1 2 4 5 7 8 11 13 14 16 17 <-> 31 32 41
1 2 4 5 7 8 10 11 14 16 17 <-> 32 40 41
4 5 7 8 14 16 17 <-> 32 40 41 34 35 43 44
10 11 14 16 17 <-> 32 40 41 49 50
1 2 4 5 11 13 14 19 20 22 23 <-> 37 38 41
1 2 4 5 11 13 14 19 20 22 23 <-> 37 38 41
1 2 4 5 11 13 14 19 20 22 23 <-> 37 38 41
11 13 14 19 20 22 23 <-> 37 38 41 46 47 49 50
11 13 14 19 20 22 23 <-> 37 38 41 46 47 49 50
11 13 14 19 20 22 23 <-> 37 38 41 46 47 49 50
11 13 14 19 20 22 23 <-> 37 38 41 46 47 49 50
2 3 5 6 11 12 14 20 21 23 24 <-> 38 41 42
2 3 5 6 11 12 14 20 21 23 24 <-> 38 41 42
5 6 14 23 24 <-> 38 41 42 44 45
5 6 14 23 24 <-> 38 41 42 44 45
5 6 14 23 24 <-> 38 41 42 44 45
14 23 24 <-> 38 41 42 44 45 47 48 50 51 53 54
14 23 24 <-> 38 41 42 44 45 47 48 50 51 53 54
14 23 24 <-> 38 41 42 44 45 47 48 50 51 53 54
14 23 24 <-> 38 41 42 44 45 47 48 50 51 53 54
11 12 14 20 21 23 24 <-> 38 41 42 47 48 50 51
11 12 14 20 21 23 24 <-> 38 41 42 47 48 50 51
1 2 4 5 7 8 11 13 14 16 17 19 20 22 23 25 26 <-> 41
11 13 14 16 17 19 20 22 23 25 26 <-> 41 49 50
14 15 17 18 23 24 26 <-> 41 42 44 45 50 51 54
14 15 17 18 23 24 26 <-> 41 42 44 45 50 51 54
14 15 17 18 23 24 26 <-> 41 42 44 45 50 51 54
13 14 15 16 17 18 22 23 24 25 26 <-> 41 44 50
13 14 15 16 17 18 22 23 24 25 26 <-> 41 44 50
13 14 15 16 17 18 22 23 24 25 26 <-> 41 44 50
