1 2 5 6 <-> 17 18 21 22 
2 6 <-> 17 18 21 22 19 23 
6 <-> 17 18 21 22 19 23 25 26 27 
5 6 <-> 17 18 21 22 25 26 
1 2 3 5 6 7 <-> 18 22 
2 3 6 7 <-> 18 22 19 23 
3 7 <-> 18 22 19 23 20 24 
7 <-> 18 22 19 23 20 24 26 27 28 
6 7 <-> 18 22 19 23 26 27 
5 6 7 <-> 18 22 26 
2 3 4 6 7 8 <-> 19 23 
3 4 7 8 <-> 19 23 20 24 
7 8 <-> 19 23 20 24 27 28 
6 7 8 <-> 19 23 27 
1 2 5 6 9 10 <-> 21 22 
2 6 10 <-> 21 22 23 
6 10 <-> 21 22 23 25 26 27 
10 <-> 21 22 23 25 26 27 29 30 31 
5 6 9 10 <-> 21 22 25 26 
9 10 <-> 21 22 25 26 29 30 
1 2 3 5 6 7 9 10 11 <-> 22 
2 3 6 7 10 11 <-> 22 23 
3 7 11 <-> 22 23 24 
7 11 <-> 22 23 24 26 27 28 
11 <-> 22 23 24 26 27 28 30 31 32 
6 7 10 11 <-> 22 23 26 27 
10 11 <-> 22 23 26 27 30 31 
5 6 7 9 10 11 <-> 22 26 
9 10 11 <-> 22 26 30 
2 3 4 6 7 8 10 11 12 <-> 23 
3 4 7 8 11 12 <-> 23 24 
7 8 11 12 <-> 23 24 27 28 
11 12 <-> 23 24 27 28 31 32 
6 7 8 10 11 12 <-> 23 27 
10 11 12 <-> 23 27 31 
5 6 9 10 13 14 <-> 25 26 
6 10 14 <-> 25 26 27 
10 14 <-> 25 26 27 29 30 31 
9 10 13 14 <-> 25 26 29 30 
5 6 7 9 10 11 13 14 15 <-> 26 
6 7 10 11 14 15 <-> 26 27 
7 11 15 <-> 26 27 28 
11 15 <-> 26 27 28 30 31 32 
10 11 14 15 <-> 26 27 30 31 
9 10 11 13 14 15 <-> 26 30 
6 7 8 10 11 12 14 15 16 <-> 27 
7 8 11 12 15 16 <-> 27 28 
11 12 15 16 <-> 27 28 31 32 
10 11 12 14 15 16 <-> 27 31 
