1 2 4 <-> 10 11 13 14 
2 <-> 10 11 13 14 12 15 
4 <-> 10 11 13 14 16 17 
1 2 3 4 6 <-> 11 14 
2 3 6 <-> 11 14 12 15 
6 <-> 11 14 12 15 17 18 
4 6 <-> 11 14 17 
1 2 4 7 8 <-> 13 14 
2 8 <-> 13 14 15 
8 <-> 13 14 15 16 17 18 
4 7 8 <-> 13 14 16 17 
1 2 3 4 6 7 8 9 <-> 14 
2 3 6 8 9 <-> 14 15 
6 8 9 <-> 14 15 17 18 
4 6 7 8 9 <-> 14 17 
1 2 4 5 <-> 10 11 13
2 5 <-> 10 11 13 12 15 
5 <-> 10 11 13 12 15 16 17 18 
4 5 <-> 10 11 13 16 17 
1 2 3 4 5 6 <-> 11 
2 3 5 6 <-> 11 12 15 
5 6 <-> 11 12 15 17 18 
4 5 6 <-> 11 17 
1 2 4 5 7 8 <-> 13 
2 5 8 <-> 13 15 
5 8 <-> 13 15 16 17 18 
4 5 7 8 <-> 13 16 17  
2 3 5 6 8 9 <-> 15 
5 6 8 9 <-> 15 17 18 
4 5 6 7 8 9 <-> 17 
