1 2 4 5 10 11 13 14 <-> 28 29 31 32 37 38 40 41 
2 5 11 14 <-> 28 29 31 32 37 38 40 41 30 33 39 42 
5 14 <-> 28 29 31 32 37 38 40 41 30 33 39 42 34 35 36 43 44 45 
14 <-> 28 29 31 32 37 38 40 41 30 33 39 42 34 35 36 43 44 45 46 47 48 49 50 51 52 53 54 
11 14 <-> 28 29 31 32 37 38 40 41 30 33 39 42 46 47 48 49 50 51 
4 5 13 14 <-> 28 29 31 32 37 38 40 41 34 35 43 44 
13 14 <-> 28 29 31 32 37 38 40 41 34 35 43 44 46 47 49 50 52 53 
10 11 13 14 <-> 28 29 31 32 37 38 40 41 46 47 49 50 
1 2 3 4 5 6 10 11 12 13 14 15 <-> 29 32 38 41 
2 3 5 6 11 12 14 15 <-> 29 32 38 41 30 33 39 42 
5 6 14 15 <-> 29 32 38 41 30 33 39 42 35 36 44 45 
14 15 <-> 29 32 38 41 30 33 39 42 35 36 44 45 47 48 50 51 53 54 
11 12 14 15 <-> 29 32 38 41 30 33 39 42 47 48 50 51 
4 5 6 13 14 15 <-> 29 32 38 41 35 44 
13 14 15 <-> 29 32 38 41 35 44 47 50 53 
10 11 12 13 14 15 <-> 29 32 38 41 47 50 
1 2 4 5 7 8 10 11 13 14 16 17 <-> 31 32 40 41 
2 5 8 11 14 17 <-> 31 32 40 41 33 42 
5 8 14 17 <-> 31 32 40 41 33 42 34 35 36 43 44 45 
14 17 <-> 31 32 40 41 33 42 34 35 36 43 44 45 49 50 51 52 53 54 
11 14 17 <-> 31 32 40 41 33 42 49 50 51 
4 5 7 8 13 14 16 17 <-> 31 32 40 41 34 35 43 44 
13 14 16 17 <-> 31 32 40 41 34 35 43 44 49 50 52 53 
10 11 13 14 16 17 <-> 31 32 40 41 49 50 
1 2 3 4 5 6 7 8 9 10 11 12 13 14 15 16 17 18 <-> 32 41 
2 3 5 6 8 9 11 12 14 15 17 18 <-> 32 41 33 42 
5 6 8 9 14 15 17 18 <-> 32 41 33 42 35 36 44 45 
14 15 17 18 <-> 32 41 33 42 35 36 44 45 50 51 53 54 
11 12 14 15 17 18 <-> 32 41 33 42 50 51 
4 5 6 7 8 9 13 14 15 16 17 18 <-> 32 41 35 44 
13 14 15 16 17 18 <-> 32 41 35 44 50 53 
10 11 12 13 14 15 16 17 18 <-> 32 41 50 
1 2 4 5 10 11 13 14 19 20 22 23 <-> 37 38 40 41 
2 5 11 14 20 23 <-> 37 38 40 41 39 42 
5 14 23 <-> 37 38 40 41 39 42 43 44 45 
14 23 <-> 37 38 40 41 39 42 43 44 45 46 47 48 49 50 51 52 53 54 
11 14 20 23 <-> 37 38 40 41 39 42 46 47 48 49 50 51 
4 5 13 14 22 23 <-> 37 38 40 41 43 44 
13 14 22 23 <-> 37 38 40 41 43 44 46 47 49 50 52 53 
10 11 13 14 19 20 22 23 <-> 37 38 40 41 46 47 49 50 
1 2 3 4 5 6 10 11 12 13 14 15 19 20 21 22 23 24 <-> 38 41 
2 3 5 6 11 12 14 15 20 21 23 24 <-> 38 41 39 42 
5 6 14 15 23 24 <-> 38 41 39 42 44 45 
14 15 23 24 <-> 38 41 39 42 44 45 47 48 50 51 53 54 
11 12 14 15 20 21 23 24 <-> 38 41 39 42 47 48 50 51 
4 5 6 13 14 15 22 23 24 <-> 38 41 44 
13 14 15 22 23 24 <-> 38 41 44 47 50 53 
10 11 12 13 14 15 19 20 21 22 23 24 <-> 38 41 47 50 
1 2 4 5 7 8 10 11 13 14 16 17 19 20 22 23 25 26 <-> 40 41 
2 5 8 11 14 17 20 23 26 <-> 40 41 42 
5 8 14 17 23 26 <-> 40 41 42 43 44 45 
14 17 23 26 <-> 40 41 42 43 44 45 49 50 51 52 53 54 
11 14 17 20 23 26 <-> 40 41 42 49 50 51 
4 5 7 8 13 14 16 17 22 23 25 26 <-> 40 41 43 44 
13 14 16 17 22 23 25 26 <-> 40 41 43 44 49 50 52 53 
10 11 13 14 16 17 19 20 22 23 25 26 <-> 40 41 49 50 
1 2 3 4 5 6 7 8 9 10 11 12 13 14 15 16 17 18 19 20 21 22 23 24 25 26 27 <-> 41 
2 3 5 6 8 9 11 12 14 15 17 18 20 21 23 24 26 27 <-> 41 42 
5 6 8 9 14 15 17 18 23 24 26 27 <-> 41 42 44 45 
14 15 17 18 23 24 26 27 <-> 41 42 44 45 50 51 53 54 
11 12 14 15 17 18 20 21 23 24 26 27 <-> 41 42 50 51 
4 5 6 7 8 9 13 14 15 16 17 18 22 23 24 25 26 27 <-> 41 44 
13 14 15 16 17 18 22 23 24 25 26 27 <-> 41 44 50 53 
10 11 12 13 14 15 16 17 18 19 20 21 22 23 24 25 26 27 <-> 41 50 
