DUAL
[-5.00000000e-01 -1.24797549e-11 -1.24797080e-11  5.00000000e-01
 -5.00000000e-01 -5.00000000e-01  5.00000000e-01 -8.17562550e-12
 -8.17564301e-12 -1.18394361e-11 -8.17570932e-12 -5.00000000e-01
 -5.00000000e-01 -8.17560560e-12 -1.18395493e-11  6.68995994e-12
  5.00000000e-01 -1.24797135e-11 -1.18394948e-11 -1.24797535e-11
 -8.17561030e-12 -1.24797290e-11 -5.00000000e-01  6.68991287e-12
 -1.18395320e-11 -5.00000000e-01 -1.24797342e-11 -8.17555079e-12
 -5.00000000e-01  6.68992644e-12  6.68990445e-12  6.68989923e-12
 -8.17558166e-12  6.68989579e-12 -8.17560588e-12 -1.24796661e-11
 -5.00000000e-01  6.68993488e-12 -1.24796555e-11 -5.00000000e-01
 -5.00000000e-01 -5.00000000e-01  5.00000000e-01 -5.00000000e-01
  6.68995214e-12 -5.00000000e-01 -5.00000000e-01 -5.00000000e-01
  4.85071721e-12]DUAL OVER

The optimal value is 6.00000000001384
A solution x is [-2.38068676e-14 -9.15576544e-15 -8.53655077e-15  1.59151145e-13
 -1.35311580e-14 -6.46904490e-14 -6.44850031e-15 -1.94125413e-16
 -1.59625272e-14  1.94028965e-03 -1.96779702e-14 -2.17662670e-14
 -2.35119168e-14  1.36168810e-13  1.47961705e-13 -1.44922319e-14
 -1.57770690e-14  2.32351807e-03 -1.81902591e-14 -1.87302407e-14
 -1.59625272e-14 -1.81902590e-14 -9.15576546e-15  4.72864695e-03
 -1.35311580e-14 -1.00293799e-14  4.40613086e-03 -2.10682750e-14
  2.12164869e-13 -1.66019859e-14 -1.64285358e-14 -1.33656938e-14
  1.47961705e-13  2.97715624e-02  5.23456749e-03 -1.25692281e-14
 -1.88082670e-14 -2.35119168e-14  5.23456844e-03 -6.46368963e-14
 -1.66019859e-14 -1.81902591e-14 -6.61658715e-14 -8.32037721e-14
 -3.71729766e-14 -2.38068676e-14 -6.91613161e-15  1.24861171e-13
 -1.68206204e-14 -1.88082670e-14  1.41250054e-13  1.62775569e-13
 -1.35311580e-14  1.31066535e-13  1.28076167e-13  1.00693816e-03
  1.46202932e-13 -8.53655077e-15 -1.33656938e-14 -6.61658715e-14
 -6.95699047e-14 -1.57770690e-14  1.49871199e-13  3.51244830e-02
 -1.57770690e-14 -1.86457924e-14  2.83317243e-13 -1.81902591e-14
  2.48728960e-13  2.31626814e-03 -1.96779702e-14 -1.25692281e-14
 -1.51010221e-14 -1.42677196e-14 -1.64285359e-14  1.47961705e-13
 -6.61658715e-14 -1.33656938e-14 -1.81902591e-14  1.85221846e-13
  1.22496715e-01  2.12164869e-13 -6.16911802e-14 -1.66019859e-14
  1.44083774e-13 -2.17662670e-14 -8.53655076e-15  1.41250054e-13
  2.12164869e-13 -8.53655075e-15 -2.17662670e-14  2.05952331e-13
 -2.04973564e-14 -2.38068676e-14  1.31066535e-13 -2.38068676e-14
 -1.59625272e-14  1.57813359e-03  2.97715661e-02 -1.87302407e-14
 -3.71729766e-14 -1.57770690e-14 -1.64285358e-14 -9.15576545e-15
  1.85221846e-13 -2.10682750e-14 -1.94125417e-16 -2.17662670e-14
 -6.44850031e-15 -1.30818914e-14 -9.61527481e-15  4.72864762e-03
  2.65831797e-15  2.04099223e-13 -6.72334444e-14  1.37342250e-13
  5.23456811e-03 -1.51010221e-14 -2.38068676e-14 -1.42677196e-14
 -1.51010221e-14 -2.17662670e-14  3.76453321e-13 -5.42677849e-15
 -1.35311580e-14  1.39567367e-13 -9.90012427e-15 -1.87302407e-14
 -6.16911802e-14 -9.90012429e-15 -1.35311580e-14  1.28449523e-13
  1.39568747e-13  2.04099223e-13 -1.30818914e-14  3.04398404e-02
  1.28382763e-01 -1.25692281e-14  2.47523603e-03 -1.42677196e-14
  1.31066535e-13 -1.35311580e-14 -1.35311580e-14  2.03188719e-16
 -5.01600766e-15 -9.15576545e-15  2.32062033e-03 -1.68206204e-14
 -1.85277011e-14 -9.90012427e-15 -1.57770690e-14 -1.68206204e-14
 -1.87302407e-14  1.34366011e-13  1.57813360e-03 -2.31639486e-14
  1.28076167e-13 -9.73369740e-15  1.49871199e-13 -1.33656938e-14
 -1.46785203e-14  1.26341056e-13  4.09677606e-02 -2.38068676e-14
 -1.88082670e-14 -7.12381702e-15  2.60381322e-13 -1.77547810e-14
 -1.87302407e-14  2.97715649e-02 -1.30818914e-14 -1.42677196e-14
 -9.15576544e-15 -8.71568938e-14 -6.46368962e-14 -1.25238753e-14
 -5.42677850e-15  1.89352386e-13 -1.25692281e-14  2.60381322e-13
  2.12164869e-13 -2.17662670e-14  1.28382764e-01 -1.25692281e-14
 -1.94258557e-14 -6.30026714e-14 -8.53655077e-15 -1.66019859e-14
 -9.15576545e-15 -1.51010221e-14  1.59151145e-13 -5.52513751e-14
  1.24861171e-13  1.62775569e-13 -1.96779702e-14  8.70776381e-04
  1.27876519e-03 -1.96779702e-14  1.94298377e-03 -2.17662670e-14
 -2.17662670e-14  2.39866153e-15 -7.12381705e-15  1.89352386e-13
  1.31066535e-13  2.65831800e-15 -1.30818914e-14 -8.53655077e-15
  1.26341056e-13 -1.25238753e-14  1.44083774e-13 -1.68206204e-14
 -1.25692281e-14  1.19965721e-03  5.23456816e-03 -1.25692281e-14
  1.57813369e-03  1.49871199e-13  2.04099223e-13 -6.61658715e-14
 -1.25692281e-14 -1.57770690e-14  2.38820771e-02 -2.10682751e-14
 -1.35311580e-14 -6.16911801e-14 -6.72334444e-14 -2.38068676e-14
  9.55490582e-04  9.77815788e-02 -1.30573364e-14  1.31066535e-13
 -9.47858684e-15 -4.32972300e-15 -1.77547811e-14 -1.35311580e-14
 -6.44850032e-15  1.39568747e-13  9.77815794e-02 -9.15576543e-15
  1.27876524e-03 -1.25238753e-14 -6.61658715e-14  1.39567367e-13
  1.26341056e-13  1.31066535e-13  2.04099223e-13 -1.94125442e-16
  1.94028913e-03 -6.16911802e-14  1.59151145e-13  1.37342250e-13
  2.65831797e-15 -1.68206204e-14 -5.42677847e-15 -2.38068676e-14
 -1.35311580e-14 -9.15576545e-15  1.63348103e-13 -9.15576544e-15
 -2.46412122e-15  2.04099223e-13 -6.52052270e-14  9.79946141e-16
 -1.87302407e-14 -1.87302407e-14  1.89352386e-13 -6.89617869e-14
  2.38820784e-02 -1.11313295e-15 -6.46904490e-14 -8.71568938e-14
 -1.94258557e-14 -8.53655077e-15 -1.57458862e-14 -2.27906635e-14
  1.49871199e-13 -1.25692281e-14  1.41250053e-13 -1.51010221e-14
  1.22496715e-01 -1.33656938e-14 -2.17662670e-14 -5.01600766e-15
 -6.72334444e-14  2.32351809e-03  1.38055919e-13 -6.16911802e-14
 -1.33656938e-14 -9.15576546e-15  6.98546378e-15  2.97715640e-02
 -9.61527479e-15 -6.72334444e-14  1.59151145e-13 -1.81902591e-14
  1.31066535e-13 -1.51010221e-14 -1.81902591e-14  1.46202932e-13
  2.83317243e-13 -1.91934199e-14 -1.51010221e-14 -1.48362209e-14
  4.72864789e-03  1.41250054e-13  1.39568747e-13  1.31066535e-13
 -1.30573364e-14 -1.25238753e-14  1.28076167e-13  2.52189973e-13
  3.04398412e-02  2.05952331e-13 -9.35819424e-14 -1.85277011e-14
  2.48728960e-13  1.49871199e-13  1.78658633e-13 -6.95699047e-14
 -6.44850030e-15  1.58924886e-13  1.37342250e-13  1.94298413e-03
  1.08348656e-14 -8.53655077e-15  1.59151145e-13 -6.61658715e-14
  1.59151145e-13 -6.61658715e-14  2.04099223e-13  1.31066535e-13
 -2.38068676e-14 -1.35311580e-14 -1.42677196e-14  2.32062053e-03
  1.49871199e-13  4.72864781e-03 -2.04973564e-14 -9.61527478e-15
 -1.94258557e-14  1.41250053e-13 -1.30080956e-14 -4.32972300e-15
  2.52189973e-13  2.04099223e-13 -9.35819424e-14 -1.34180839e-14
  9.77815793e-02 -9.90012428e-15  3.04398408e-02  2.97715621e-02
  2.32351833e-03 -2.17662670e-14  1.59151145e-13  2.03188718e-16
  1.94298376e-03  1.26341056e-13 -9.15576546e-15  2.47523579e-03
  2.04099223e-13 -2.31639485e-14 -9.15576544e-15 -6.75717053e-15
  1.50245425e-03  2.04099223e-13 -2.17662670e-14  2.12164869e-13
  1.46202932e-13 -1.81902590e-14  2.04099223e-13  2.32062084e-03
 -2.38068676e-14  1.59151145e-13  1.39568747e-13 -2.31639486e-14
 -1.48362209e-14 -6.75717055e-15  1.44083774e-13 -1.68206204e-14
  1.28076167e-13  4.76272139e-03  1.28076167e-13 -1.68206204e-14
 -2.17662670e-14 -4.32972299e-15 -8.53655076e-15  2.04099223e-13
  1.26341056e-13  1.62775569e-13 -2.04973564e-14 -1.11313294e-15
 -1.59625272e-14  4.76272184e-03  2.31456010e-03 -9.15576545e-15
 -3.71729766e-14  1.31066535e-13  1.31066535e-13 -2.17662670e-14
 -2.04973564e-14 -5.42677850e-15 -2.46412122e-15  1.36168810e-13
 -5.42677849e-15 -1.81902590e-14  2.04099223e-13 -2.04973564e-14
  2.03188726e-16 -1.33656938e-14 -1.64285359e-14 -8.53655079e-15
 -8.32037722e-14  1.19965723e-03 -6.44850031e-15  2.32062050e-03
 -1.42677196e-14 -1.35311580e-14 -1.57770690e-14  1.37342250e-13
 -1.33656938e-14 -1.85277011e-14 -1.33656938e-14 -1.96779702e-14
 -9.61527479e-15 -1.81902591e-14  1.49871199e-13 -1.96779702e-14
  1.31066535e-13  1.28382760e-01  4.72864749e-03 -2.31639486e-14
 -1.94125419e-16 -6.44850030e-15  4.76271987e-03 -1.30818915e-14
  2.97715645e-02 -4.71203211e-15 -5.42677848e-15 -8.53655075e-15
  2.12164869e-13  2.47523579e-03 -1.68206204e-14 -1.42677196e-14
  1.67898198e-13  9.83832000e-15 -1.77547810e-14 -6.95699047e-14
 -1.57458862e-14 -1.91934199e-14 -1.87302407e-14 -1.35311580e-14
  3.90359134e-03 -1.66019859e-14  1.49871199e-13 -2.31639486e-14
 -1.68206204e-14 -1.96779702e-14 -5.42677847e-15 -6.46368962e-14
  1.31066535e-13  3.51244832e-02 -2.04973564e-14 -1.33656938e-14
 -2.27906635e-14  1.62775569e-13  2.05952331e-13 -9.15576545e-15
 -8.53655077e-15  1.27876519e-03 -9.90012428e-15 -1.91934199e-14
  4.72864770e-03 -9.15576544e-15 -6.44850032e-15 -6.44850030e-15
 -1.94258557e-14 -1.25238753e-14  2.32062027e-03 -2.31639486e-14
 -1.96779702e-14 -1.94125429e-16 -6.16911802e-14 -2.31639486e-14
 -1.51010221e-14  2.48728960e-13 -1.51010221e-14 -1.51010221e-14
 -5.87233176e-14 -1.66019859e-14  1.28382763e-01 -2.17662670e-14
  1.39567367e-13  1.39568747e-13  1.36168810e-13  2.65831796e-15
 -1.48362209e-14 -1.94258557e-14  1.47961705e-13  2.52189973e-13
 -1.94258557e-14 -1.96779702e-14 -8.53655076e-15  1.34366011e-13
  1.08348656e-14  2.97715646e-02  2.32062090e-03 -1.25692281e-14
 -1.33656938e-14 -1.81902591e-14 -1.68206204e-14 -9.15576546e-15
  1.57813368e-03 -9.90012428e-15 -1.11313294e-15 -7.12381704e-15
  9.79946133e-16 -5.01600767e-15 -2.17662670e-14 -2.10682751e-14
  4.09677585e-02 -1.35311580e-14 -1.57770690e-14 -6.75717054e-15
 -5.42677847e-15  3.04398411e-02 -2.04973564e-14 -2.31639486e-14
 -1.77547811e-14  2.39866155e-15  1.44083774e-13 -2.38068676e-14
  1.89352386e-13  1.89352386e-13 -1.68206204e-14  2.04099223e-13
 -1.87302407e-14  1.63348103e-13  2.97715659e-02  1.44658178e-13
  2.60381322e-13  2.48728960e-13 -2.08712389e-14 -1.51010221e-14
 -1.94125422e-16  9.55490703e-04 -2.31639486e-14 -1.81902591e-14
 -1.96779702e-14 -2.27906635e-14 -2.38068676e-14  1.39276125e-14
  1.27876508e-03  1.62775569e-13  2.32351820e-03 -1.68206204e-14
  1.47961705e-13  1.44083774e-13  2.39866155e-15  1.50245369e-03
 -1.96779702e-14 -1.91934199e-14 -2.04973564e-14  1.41250054e-13
  1.89352386e-13 -2.27906635e-14 -6.44850031e-15 -8.53655076e-15
 -2.31639486e-14 -1.88082670e-14  1.62775569e-13 -6.46904490e-14
 -8.53655076e-15 -1.00293799e-14 -1.94125440e-16 -5.42677850e-15
 -6.75717053e-15 -2.04973564e-14  1.24861171e-13  1.44083774e-13
 -1.94125428e-16 -4.71203211e-15  6.98546379e-15 -6.75717052e-15
 -1.25238753e-14  9.83831999e-15 -2.31639486e-14 -6.30026714e-14
  2.12164869e-13 -2.38068676e-14  1.85221846e-13 -9.15576544e-15
  2.83317243e-13  2.04099223e-13  2.83317243e-13  1.67898198e-13
 -1.25238753e-14 -6.89617869e-14 -1.48362209e-14 -1.86457924e-14
 -1.91934198e-14 -9.15576546e-15 -4.32972299e-15  9.77815793e-02
 -6.44850031e-15  1.28076167e-13 -1.25692281e-14 -1.51010221e-14
  2.05952331e-13  4.09677581e-02  1.94825155e-13 -1.87302407e-14
 -7.12381702e-15 -6.72334444e-14  1.39568747e-13  1.39276125e-14
  4.76272076e-03 -2.17662670e-14 -7.12381704e-15 -6.46368963e-14
 -1.66019859e-14 -1.57770690e-14 -1.35311580e-14 -1.81902591e-14
 -1.66019859e-14 -1.33656938e-14 -1.96779702e-14  1.19965718e-03
 -1.25238753e-14 -1.35311580e-14  2.05952331e-13  1.62775569e-13
  4.76272033e-03  1.27876506e-03 -2.17662670e-14 -6.72334444e-14
  2.83317243e-13 -1.57458862e-14 -2.38068676e-14 -2.17662670e-14
  1.94298424e-03 -1.91934199e-14  1.78658633e-13  1.62775569e-13
  2.31626811e-03  9.77815804e-02  1.19965724e-03 -9.15576545e-15
  1.49871199e-13  1.78658633e-13  2.52189973e-13 -1.96779702e-14
 -2.35119168e-14  2.65831796e-15 -4.71203213e-15 -1.66019859e-14
  1.57813339e-03 -1.96779702e-14  1.94028969e-03 -9.15576544e-15
 -9.15576544e-15  1.44083774e-13 -1.87302407e-14  2.12164869e-13
 -1.81902591e-14 -1.51010221e-14 -2.17662670e-14 -1.81902590e-14
 -4.32972299e-15  3.51244832e-02 -2.04973564e-14  1.78658633e-13
 -6.30026714e-14 -1.33656938e-14 -6.44850031e-15 -1.35311580e-14
  1.08348656e-14  2.05952331e-13 -9.90012428e-15  1.28449523e-13
  1.00693824e-03 -3.48939600e-15  1.35279577e-13  1.38055919e-13
 -1.35311580e-14 -6.16911802e-14 -1.94125427e-16  3.51244834e-02
 -1.42677196e-14  3.04398414e-02 -5.42677846e-15 -5.87233176e-14
  2.03188707e-16 -2.04973564e-14 -1.30573364e-14  2.48728960e-13
  1.94028926e-03  1.49871199e-13  1.47961705e-13 -3.48939600e-15
 -1.35311580e-14  1.39568747e-13 -1.48362209e-14 -1.30080956e-14
 -2.38068676e-14  2.04099223e-13  1.26341056e-13  2.75408817e-14
 -9.15576544e-15  2.48728960e-13  1.67898198e-13 -1.35311580e-14
 -2.17662670e-14 -2.10682751e-14 -6.44850032e-15 -6.75717054e-15
  3.04398410e-02  1.31066535e-13 -1.35311580e-14 -1.30818915e-14
 -1.87302407e-14  1.49871199e-13 -5.91174789e-15 -9.90012427e-15
  5.23456700e-03 -1.48362209e-14 -6.44850029e-15 -2.04973564e-14
 -1.25692281e-14  1.27876513e-03  1.67898198e-13 -9.73369739e-15
  2.83317243e-13 -8.53655076e-15  2.32062063e-03 -6.30026714e-14
  2.05952331e-13 -1.25692281e-14 -6.46368963e-14 -1.94258557e-14
  3.90359184e-03  2.83317243e-13 -3.48939600e-15 -1.33656938e-14
 -2.17662670e-14 -2.27906635e-14 -2.04973564e-14  1.89352386e-13
 -1.35311580e-14  1.50245425e-03 -4.71203210e-15  2.32062032e-03
  4.76272097e-03  1.94825155e-13  1.63348103e-13  1.89352386e-13
  2.32351865e-03 -1.25238753e-14  2.60381322e-13  1.59151145e-13
 -9.15576546e-15 -1.77547811e-14  4.76272010e-03 -1.68206204e-14
 -1.59625272e-14 -2.38068676e-14  1.31066535e-13 -2.38068676e-14
  1.62775569e-13 -2.17662670e-14 -6.52052270e-14 -2.46412120e-15
 -1.66019859e-14  1.50245398e-03  1.49871199e-13 -2.27906635e-14
 -9.90012426e-15 -6.44850030e-15 -2.17662670e-14 -1.91934199e-14
  3.51244835e-02 -7.39664105e-15 -1.96779702e-14 -1.25692281e-14
 -1.81902591e-14  1.62775569e-13 -9.15576545e-15 -2.04973564e-14
  3.90359137e-03  1.57813372e-03  2.52189973e-13 -2.31639486e-14
 -9.73369741e-15 -1.81902591e-14 -1.35311580e-14 -2.04973564e-14
 -9.35819424e-14 -1.59625272e-14 -1.25238753e-14 -8.53655077e-15
 -2.46412120e-15  1.38055919e-13  1.59151145e-13  1.39568747e-13
 -6.91613162e-15  2.32351855e-03  2.04099223e-13 -4.32972300e-15
  2.31626838e-03 -9.15576545e-15  1.34366011e-13 -1.59625272e-14
 -9.90012427e-15 -2.46412120e-15 -1.11313294e-15 -1.35311580e-14
 -1.88082670e-14 -1.42677196e-14 -5.42677849e-15 -1.48362209e-14
 -8.53655076e-15 -2.38068676e-14 -8.53655076e-15 -2.17662670e-14
  1.19965739e-03  1.26341056e-13 -2.38068676e-14  2.05952331e-13
  1.49871199e-13 -6.61658715e-14 -1.66019859e-14 -3.48939601e-15
 -2.17662670e-14  1.94825155e-13  9.83832001e-15  2.60381322e-13
 -2.04973564e-14  3.90359078e-03 -1.81902591e-14 -1.57770690e-14
  2.03188734e-16 -2.35119168e-14 -1.57458862e-14  1.31066535e-13
 -1.96779702e-14  1.31066535e-13  1.19965733e-03 -6.72334444e-14
  1.46202932e-13 -2.17662670e-14  1.50245415e-03  1.44083774e-13
  3.04398402e-02 -1.35311580e-14  4.72864753e-03 -1.51010221e-14
 -1.11313296e-15 -1.77547811e-14  1.57813386e-03 -1.35311580e-14
 -1.25238753e-14 -1.35311580e-14 -1.48362210e-14 -1.44922319e-14
 -1.30573364e-14  1.28076167e-13  2.31456014e-03  2.04099223e-13
 -9.15576544e-15 -1.25238753e-14 -2.31639486e-14  1.35279577e-13
 -9.47858684e-15  1.38055919e-13 -1.57770690e-14 -1.25238753e-14
 -1.59625272e-14 -1.59625272e-14 -2.38068676e-14 -1.94125420e-16
  1.19965729e-03  2.39866154e-15  4.72864782e-03 -1.42677196e-14
  1.49871199e-13  1.00693818e-03  1.24861171e-13 -1.81902591e-14
 -3.71729766e-14  1.67898198e-13 -1.35311580e-14 -1.25238753e-14
 -1.88082669e-14 -1.81902591e-14  1.46202932e-13  1.39568747e-13
 -6.44850029e-15  2.52189973e-13  1.28076167e-13 -8.53655077e-15
 -1.33656938e-14 -6.89617869e-14  9.79946152e-16  5.23456716e-03
 -1.35311580e-14  1.49871199e-13  1.85221846e-13  1.59151145e-13
 -2.17662670e-14  1.49871199e-13 -1.94258557e-14  1.78658633e-13
 -2.31639486e-14  1.38639451e-01 -6.52052270e-14  1.62775569e-13
  1.44658178e-13  4.97972915e-03 -9.90012428e-15 -1.96779702e-14
 -2.17662670e-14 -9.90012427e-15 -1.77547810e-14 -9.47858682e-15
 -9.15576547e-15 -1.64285359e-14 -8.53655077e-15 -9.90012426e-15
  2.48728960e-13  1.50245420e-03 -1.81902590e-14 -1.30080955e-14
 -1.48362209e-14 -1.57770690e-14 -1.96779702e-14  2.38820773e-02
  2.48728960e-13  2.12164869e-13 -1.94125430e-16  1.19965726e-03
 -6.44850031e-15  1.28076167e-13  9.55490552e-04 -1.25692281e-14
 -1.81902591e-14 -1.87302407e-14  1.19965740e-03 -1.68206204e-14
 -8.22880405e-15 -5.87233176e-14 -1.68206204e-14  4.40613137e-03
  2.52189973e-13  1.49871199e-13 -8.53655078e-15  1.39567367e-13
 -1.88082669e-14  2.47523569e-03 -2.46412121e-15  1.62775569e-13
 -9.73369742e-15 -2.38068676e-14 -1.51010221e-14 -1.87302407e-14
 -8.71568938e-14 -6.91613158e-15  1.89352386e-13  1.35279577e-13
 -1.30818914e-14 -1.77547810e-14 -1.77547810e-14  1.85221846e-13
 -1.96779702e-14  1.89352386e-13  5.23456728e-03 -2.17662670e-14
 -1.44922319e-14 -2.17662670e-14 -1.00293799e-14  1.85221846e-13
  1.59151145e-13 -6.72334444e-14  1.19965721e-03 -1.68206204e-14
 -2.04973564e-14 -2.17662670e-14 -9.15576547e-15  1.94298362e-03
 -1.00293799e-14 -1.57458862e-14 -1.46785203e-14  2.48728960e-13
  1.89352386e-13  1.57813337e-03 -2.35119168e-14 -1.25313768e-14
 -6.52052270e-14 -1.88082669e-14 -2.17662670e-14 -8.53655076e-15
 -1.51010221e-14 -8.53655078e-15 -9.35819424e-14 -1.25238753e-14
 -9.90012428e-15 -1.64285359e-14 -1.87302407e-14 -4.69754764e-14
 -5.42677849e-15 -1.96779702e-14 -5.42677850e-15 -1.94258557e-14
 -1.30818915e-14 -1.68206204e-14 -2.17662670e-14 -1.25238753e-14
 -2.04973564e-14 -2.31639486e-14 -2.04973564e-14 -1.87302407e-14
  1.19965713e-03 -1.51010221e-14 -1.77547811e-14 -1.51010221e-14
  1.38639454e-01 -9.15576545e-15  1.41250054e-13  1.59151145e-13
 -1.96779702e-14  4.72864773e-03 -5.01600767e-15 -1.57770690e-14
 -4.69754765e-14 -7.12381704e-15 -9.73369740e-15 -1.91934199e-14
 -1.64285359e-14 -2.17662670e-14 -1.48362209e-14  2.97715657e-02
  9.79946139e-16 -1.94125431e-16 -1.34180839e-14 -1.87302407e-14
 -3.48939599e-15  2.12164869e-13  3.04398413e-02 -1.33656938e-14
 -1.94125430e-16 -2.04973564e-14 -1.48362209e-14 -8.53655078e-15
 -5.91174791e-15 -9.15576542e-15  2.04099223e-13 -1.51010221e-14
 -1.42677196e-14 -6.16911802e-14  9.83832002e-15  2.12164869e-13
  1.19965726e-03  2.47523605e-03 -1.25692281e-14 -4.69754765e-14
 -4.71203209e-15 -1.46785203e-14  1.44658178e-13  1.89352386e-13
  1.31066535e-13 -1.51010221e-14 -1.30080956e-14  1.08348656e-14
 -4.71203210e-15  1.89352386e-13 -9.90012428e-15 -1.35311580e-14
 -6.46368962e-14 -2.04973564e-14 -1.44922319e-14 -6.72334444e-14
  2.04099223e-13 -1.66019859e-14 -1.94125427e-16 -1.81902591e-14
 -2.04973564e-14 -6.46368963e-14 -1.96779702e-14 -6.44850030e-15
 -1.48362209e-14 -1.81902591e-14  2.52189973e-13 -5.42677848e-15
 -2.17662670e-14 -1.42677196e-14 -5.87233176e-14  1.85221846e-13
 -6.44850031e-15  1.59151145e-13  1.89352386e-13  2.39866155e-15
 -1.96779702e-14 -6.72334444e-14  1.74691597e-13 -4.71203210e-15
 -1.57770691e-14  5.23456718e-03  4.97973145e-03  1.31066535e-13
 -2.38068676e-14 -2.17662670e-14 -1.85277011e-14 -4.69754765e-14
  4.09677591e-02 -1.35311580e-14  9.55490686e-04  2.97715644e-02
 -7.39664104e-15  1.57813386e-03  1.28076167e-13  1.49871199e-13
 -4.69754765e-14 -2.35119168e-14 -1.68206204e-14  1.89352386e-13
 -1.51010221e-14 -2.31639486e-14  1.27876520e-03 -6.44850030e-15
  1.49871199e-13  1.47961705e-13 -9.15576546e-15 -1.51010221e-14
  2.97715643e-02 -1.33656938e-14 -1.81902591e-14 -9.15576542e-15
 -1.96779702e-14  1.36168810e-13 -1.57770690e-14 -1.77547811e-14
  1.24861171e-13 -2.35119168e-14  1.94825155e-13 -1.81902591e-14
 -1.87302407e-14 -1.96779702e-14 -6.16911802e-14 -8.53655078e-15
 -1.11313294e-15  1.08348656e-14 -1.48362209e-14 -1.57458862e-14
 -1.77547811e-14 -5.52513751e-14 -1.25238753e-14 -2.04973564e-14
 -6.75717055e-15  2.52189973e-13  2.52189973e-13 -9.73369739e-15
 -1.35311580e-14 -1.77547810e-14  1.57813369e-03 -1.33656938e-14
  1.38055919e-13  2.83317243e-13 -1.57770690e-14  1.44083774e-13
 -1.57770690e-14 -2.04973564e-14 -2.17662670e-14 -1.57458862e-14
 -1.77547810e-14 -2.17662670e-14 -1.35311580e-14  4.40613127e-03
  3.04398411e-02 -8.53655076e-15 -1.57770690e-14 -1.86457924e-14
 -1.96779702e-14  1.94298323e-03 -1.57770690e-14  1.00693820e-03
  1.63348103e-13 -1.00293799e-14 -1.51010220e-14 -1.51010221e-14
  2.12164869e-13  2.05952331e-13 -1.42677196e-14  1.89352386e-13
 -3.48939600e-15 -2.38068676e-14 -1.68206204e-14 -4.71203211e-15
  4.09677576e-02 -1.57770690e-14  1.41250054e-13 -1.94258557e-14
 -6.75717053e-15 -8.53655077e-15  6.98546379e-15 -1.96779702e-14
  1.00693819e-03  1.28382763e-01 -2.10682751e-14 -2.31639486e-14
 -1.35311580e-14 -1.35311580e-14 -1.77547811e-14 -5.91174792e-15
  2.12164869e-13  2.97715646e-02 -3.71729766e-14  2.75408817e-14
 -3.71729766e-14  2.04099223e-13  1.39567367e-13  1.49871199e-13
  1.58924886e-13  2.31456031e-03  1.39276125e-14 -6.44850030e-15
  1.49871199e-13  2.05952331e-13 -4.71203211e-15 -2.17662670e-14
 -1.94125443e-16  2.52189973e-13 -9.90012428e-15  1.89352386e-13
 -1.11313294e-15 -1.11313296e-15 -3.48939600e-15 -1.64285358e-14
 -5.87233176e-14 -1.94125416e-16 -1.81902591e-14 -1.51010221e-14
 -2.38068676e-14 -8.53655078e-15 -1.81902591e-14 -6.91613158e-15
  1.44083774e-13 -1.33656938e-14 -1.94125427e-16 -2.38068676e-14
 -6.72334444e-14  2.48728960e-13  1.22496714e-01  1.89352386e-13
 -2.10682751e-14  1.35279577e-13 -2.38068676e-14 -5.91174789e-15
 -1.87302407e-14 -2.38068676e-14  1.67898198e-13  1.24861171e-13
 -9.15576544e-15  1.31066535e-13 -1.51010221e-14  1.94825155e-13
 -2.38068676e-14  9.55490626e-04  1.28076167e-13  1.31066535e-13
 -1.87302407e-14 -1.48362209e-14  1.49871199e-13 -1.25692281e-14
  1.74691597e-13 -9.90012429e-15  1.57813357e-03 -1.30573364e-14
 -9.73369740e-15  1.74691597e-13 -2.27906635e-14 -1.87302407e-14
 -1.81902591e-14  4.40613140e-03 -1.42677196e-14 -1.25692281e-14
 -6.44850030e-15 -1.25238753e-14  1.34366011e-13  1.26341056e-13
 -1.57770690e-14 -1.51010221e-14 -1.00293799e-14 -1.57458862e-14
 -1.51010221e-14 -6.30026714e-14 -1.42677196e-14 -1.94258557e-14
 -6.46368963e-14  1.89352386e-13  1.59151145e-13  2.05952331e-13
  2.04099223e-13 -9.15576545e-15 -1.51010221e-14 -1.51010220e-14
 -2.17662670e-14 -6.89617869e-14  1.94825155e-13  2.03188718e-16
 -1.48362209e-14 -1.59625272e-14 -2.17662670e-14 -2.17662670e-14
 -1.96779702e-14  1.59151145e-13 -1.48362209e-14  6.98546380e-15
  1.22496714e-01 -1.91934199e-14 -1.44922318e-14  2.04099223e-13
 -6.44850033e-15 -1.94125443e-16  2.39866154e-15 -1.81902591e-14
 -6.16911802e-14  1.28449523e-13 -9.90012426e-15  1.59151145e-13
  1.31066535e-13 -2.04973564e-14 -1.00293799e-14  1.39567367e-13
  3.90359158e-03 -9.90012427e-15 -6.46904489e-14 -2.31639486e-14
  1.24861171e-13 -2.17662670e-14  1.08348656e-14 -8.22880407e-15
  1.59151145e-13  1.41250054e-13  2.48728960e-13  2.83317243e-13
 -1.42677196e-14 -6.91613158e-15 -1.30573364e-14  1.78658633e-13
  1.78658633e-13  2.32062091e-03 -1.77547810e-14 -6.46368963e-14
 -2.04973564e-14 -1.96779702e-14 -6.75717054e-15 -7.12381705e-15
 -8.32037721e-14 -1.94258557e-14  1.36168810e-13 -7.39664107e-15
 -2.31639486e-14 -8.22880405e-15  5.23456686e-03  1.59151145e-13
 -1.35311580e-14 -8.53655077e-15 -2.31639486e-14 -1.51010221e-14
 -2.31639486e-14 -6.30026714e-14 -2.31639486e-14  2.83317243e-13
  1.41250053e-13 -9.47858684e-15 -8.22880406e-15 -6.44850031e-15
  1.94298409e-03 -2.17662670e-14 -2.04973564e-14  1.44083774e-13
 -2.17662670e-14 -2.38068676e-14  9.83832000e-15 -1.51010221e-14
 -6.89617869e-14 -4.69754765e-14  1.39567367e-13  4.40613148e-03
  1.57813366e-03  4.40613186e-03 -6.44850030e-15  4.72864845e-03
  1.39568747e-13 -6.91613161e-15 -1.77547810e-14 -1.68206204e-14
 -6.89617869e-14  2.31626846e-03 -1.00293799e-14 -1.25692281e-14
 -1.25238753e-14 -1.85277011e-14  1.28076167e-13  8.70776420e-04
 -1.35311580e-14  1.27876520e-03 -6.44850031e-15  1.34366011e-13
 -1.35311580e-14  1.89352386e-13  2.04099223e-13 -1.51010221e-14
  4.76272127e-03 -1.94258557e-14  1.39567367e-13 -9.47858683e-15
 -2.04973564e-14  1.39567367e-13  1.41250054e-13  1.38055919e-13
 -9.73369740e-15 -4.32972301e-15  1.57813359e-03  4.76272092e-03
  2.31456052e-03  1.38055919e-13  1.85221846e-13  1.89352386e-13
 -1.11313294e-15  1.26341056e-13  1.59151145e-13 -8.53655077e-15
 -2.17662670e-14 -6.46368963e-14 -2.04973564e-14  2.52189973e-13
 -6.74331321e-14  2.03188722e-16 -1.51010221e-14  8.70776352e-04
 -1.91934199e-14 -1.35311580e-14  4.72864734e-03  4.72864565e-03
 -1.48362209e-14  2.32062003e-03  2.32062055e-03 -6.75717054e-15
 -1.81902591e-14 -1.25238753e-14 -2.38068676e-14 -1.51010221e-14
 -9.90012428e-15 -1.96779702e-14  1.94028936e-03 -1.30080955e-14
 -6.16911801e-14  1.35279577e-13 -1.91934199e-14  1.28382763e-01
 -1.25238753e-14  1.47961705e-13  1.08348656e-14  1.49871199e-13
  1.85221846e-13 -1.35311580e-14 -2.17662670e-14  4.72864816e-03
 -1.48362209e-14 -1.48362209e-14 -8.53655077e-15  1.74691597e-13
 -6.16911802e-14  9.79946127e-16 -2.17662670e-14  1.62775569e-13
 -2.38068676e-14  4.09677582e-02 -1.94125446e-16  9.83831998e-15
 -1.48362209e-14 -1.51010221e-14  1.89352386e-13  1.44658178e-13
 -1.88082670e-14  1.38055919e-13 -9.90012429e-15 -2.04973564e-14
 -9.15576544e-15  1.31066535e-13 -1.30818914e-14 -2.04973564e-14
  1.63348103e-13  1.35279577e-13  1.44658178e-13 -1.77547811e-14
  9.55490650e-04  2.52189973e-13 -9.90012426e-15 -6.46368962e-14
 -6.61658715e-14  3.51244831e-02  2.97715650e-02  1.31066535e-13
 -1.42677196e-14 -1.25238753e-14 -6.52052270e-14 -1.96779702e-14
 -1.96779702e-14 -1.96779702e-14 -2.17662670e-14 -1.48362209e-14
  1.34366011e-13 -8.32037722e-14  2.65831800e-15 -1.91934199e-14
 -2.04973564e-14 -5.01600765e-15 -2.17662670e-14 -6.52052270e-14
 -1.35311580e-14  1.31066535e-13  5.23456833e-03  2.31456013e-03
  4.76272057e-03  1.41250054e-13  9.77815798e-02 -6.74331321e-14
  1.39568747e-13 -6.46368962e-14 -2.38068676e-14 -1.96779702e-14
  2.12164869e-13 -1.85277011e-14  5.23456752e-03  1.37342250e-13
  2.48728960e-13  2.31626820e-03 -1.35311580e-14 -5.52513751e-14
 -1.96779702e-14 -1.33656938e-14 -1.25238753e-14  1.94825155e-13
 -1.33656938e-14  3.04398420e-02 -2.08712389e-14  1.19965736e-03
  1.34366011e-13 -2.31639486e-14 -1.77547810e-14 -1.94125423e-16
 -6.46904490e-14 -2.04973564e-14 -2.17662670e-14  1.62775569e-13
  1.31066535e-13  1.78658633e-13  2.38820775e-02 -1.33656938e-14
  3.51244822e-02  1.34366011e-13 -1.81902590e-14  1.27876507e-03
  1.36168810e-13  1.28449523e-13  1.63348103e-13 -3.48939600e-15
 -1.25238753e-14 -1.35311580e-14  1.28076167e-13 -1.91934199e-14
 -1.25692281e-14 -6.52052270e-14 -1.77547810e-14  1.31066535e-13
 -1.66019859e-14 -1.44922318e-14 -5.01600768e-15 -1.94258557e-14
  1.31066535e-13  4.09677585e-02 -1.42677196e-14  1.46202932e-13
 -1.51010221e-14 -1.33656938e-14 -1.48362209e-14 -6.61658715e-14
 -2.31639486e-14 -1.68206204e-14  2.83317243e-13 -6.44850031e-15
 -1.94125424e-16  2.32351785e-03  1.36168810e-13 -1.81902590e-14
 -1.81902591e-14  1.22496715e-01  1.59151145e-13  1.44658178e-13
 -9.90012427e-15 -1.11313293e-15 -6.75717055e-15 -2.17662670e-14
  1.26341056e-13 -1.48362209e-14  1.89352386e-13 -2.17662670e-14
  2.83317243e-13  1.41250054e-13 -9.90012428e-15 -1.42677196e-14
 -6.46368962e-14 -2.17662670e-14  1.49871199e-13 -1.25313768e-14
  1.34366011e-13 -5.91174792e-15 -1.35311580e-14 -6.46368962e-14
 -3.48939601e-15 -2.31639486e-14 -1.77547811e-14 -1.87302407e-14
  1.49871199e-13 -9.90012429e-15 -1.00293799e-14 -7.39664105e-15
  1.89352386e-13 -1.30080955e-14 -1.57770690e-14  1.24861171e-13
 -1.25692281e-14 -8.53655078e-15 -1.42677196e-14 -1.77547810e-14
 -1.46785203e-14  1.78658633e-13 -1.35311580e-14 -5.52513751e-14
 -1.25692281e-14  1.37342250e-13 -1.42677196e-14 -1.94125428e-16
 -6.75717055e-15  6.98546380e-15  1.44083774e-13 -2.17662670e-14
 -1.48362209e-14 -1.68206204e-14  3.04398419e-02 -9.15576545e-15
 -2.38068676e-14 -2.08712389e-14  1.63348103e-13  1.46202932e-13
  1.24861171e-13 -1.87302407e-14 -2.31639486e-14 -8.71568938e-14
  4.09677605e-02  2.32062035e-03 -8.71568937e-14 -1.35311580e-14
 -1.87302407e-14 -1.86457924e-14  9.79946161e-16  3.04398418e-02
  2.47523628e-03 -1.48362209e-14  1.85221846e-13 -1.81902591e-14
 -5.52513751e-14 -6.44850030e-15  3.90359174e-03 -1.42677196e-14
  1.41250054e-13 -2.31639486e-14  6.98546380e-15  1.81051384e-14
 -1.87302406e-14 -8.53655076e-15 -1.46785203e-14  1.27876519e-03
  4.97972963e-03  2.31455992e-03  4.09677591e-02 -1.25238753e-14
 -2.38068676e-14 -2.17662670e-14 -1.33656938e-14 -1.87302407e-14
 -8.53655077e-15 -1.25692281e-14  1.31066535e-13 -2.04973564e-14
  2.12164869e-13  2.48728960e-13  1.44658178e-13  1.19965734e-03
 -1.25692281e-14  1.31066535e-13 -1.64285359e-14 -1.51010221e-14
  1.38639450e-01  2.31626816e-03  1.39567367e-13 -1.30818914e-14
  9.79946156e-16 -1.51010221e-14  1.38055919e-13 -1.81902591e-14
  8.70776307e-04  2.60381322e-13 -6.89617869e-14  5.23456866e-03
 -6.46904490e-14 -6.44850031e-15 -1.81902591e-14 -2.04973564e-14
  1.44083774e-13  1.59151145e-13  1.57813401e-03 -1.30818914e-14
 -2.17662670e-14 -2.17662670e-14 -8.53655078e-15 -8.22880405e-15
 -1.77547811e-14 -1.91934199e-14  9.77815775e-02 -6.61658715e-14
  1.78658633e-13  4.40613180e-03 -1.35311580e-14 -2.31639486e-14
 -1.35311580e-14 -8.53655075e-15 -1.25692281e-14 -1.57770690e-14
 -6.91613161e-15  1.47961705e-13  5.23456782e-03 -2.38068676e-14
 -2.04973564e-14 -1.51010221e-14 -1.94125428e-16 -1.77547811e-14
  1.36168810e-13  1.39567367e-13  4.09677586e-02 -6.91613159e-15
 -6.44850030e-15 -6.52052270e-14 -2.17662670e-14  2.05952331e-13
  1.28449523e-13 -4.32972301e-15 -1.77547811e-14 -1.59625272e-14
 -6.61658715e-14  1.24861171e-13 -1.94125437e-16  1.78658633e-13
 -8.53655076e-15 -2.17662670e-14 -6.44850030e-15  1.38055919e-13
  1.22496715e-01 -6.61658715e-14 -2.04973564e-14  1.59151145e-13
  1.19965736e-03 -1.66019859e-14 -9.15576544e-15 -8.22880408e-15
  2.32062065e-03 -1.42677196e-14  9.83831999e-15 -1.94125428e-16
  2.47523647e-03  1.24861171e-13 -2.31639486e-14  1.41250054e-13
 -1.30080955e-14 -1.35311580e-14  1.89352386e-13  1.78658633e-13
 -1.96779702e-14 -2.35119168e-14 -1.96779702e-14  2.04099223e-13
 -9.90012427e-15  1.78658633e-13 -1.51010221e-14 -1.85277011e-14
  2.05952331e-13 -2.38068676e-14 -1.00293799e-14  1.44083774e-13
 -3.71729766e-14  1.94298351e-03  1.78658633e-13 -1.57770690e-14
 -1.96779702e-14  4.76272051e-03  1.59151145e-13 -1.68206204e-14
  1.67898198e-13 -6.72334444e-14  1.63348103e-13 -1.59625272e-14
 -1.33656938e-14 -6.72334444e-14  4.09677581e-02  1.34366011e-13
  1.27876523e-03 -6.52052270e-14 -3.48939601e-15 -8.71568937e-14
 -1.11313295e-15 -2.10682751e-14 -1.25238753e-14 -6.72334444e-14
 -2.17662670e-14  1.38055919e-13  1.00693811e-03 -6.91613160e-15
 -2.10682751e-14 -1.68206204e-14  1.28449523e-13 -1.30818914e-14
 -2.08712389e-14  1.26341056e-13  1.49871199e-13  1.26341056e-13
  2.38820772e-02  4.40613177e-03  1.62775569e-13 -1.25692281e-14
 -1.25692281e-14  1.27876505e-03  1.28076167e-13 -6.44850032e-15
  1.85221846e-13 -2.38068677e-14  1.28449523e-13 -1.30818914e-14
 -1.25692281e-14 -1.64285358e-14 -1.94125452e-16  1.47961705e-13
  2.03188723e-16 -1.25692281e-14 -1.87302407e-14 -1.87302407e-14
  1.47961705e-13 -2.04973564e-14 -9.90012427e-15  3.76453321e-13
  1.89352386e-13 -1.59625272e-14 -1.33656938e-14 -6.16911802e-14
 -5.52513751e-14 -1.35311580e-14 -6.46904489e-14  1.36168810e-13
 -3.48939599e-15 -1.42677196e-14  1.19965743e-03  4.76272081e-03
 -1.81902590e-14 -1.88082670e-14 -1.30818915e-14  1.39276125e-14
 -1.77547811e-14  4.72864698e-03 -6.61658715e-14 -1.51010221e-14
 -6.44850031e-15 -1.81902591e-14 -9.47858684e-15 -1.35311580e-14
 -1.64285359e-14  1.27876509e-03 -1.42677196e-14 -9.90012426e-15
  1.59151145e-13 -1.35311580e-14  2.52189973e-13 -6.44850031e-15
 -1.11313294e-15  1.27876522e-03 -1.35311580e-14 -2.04973564e-14
 -1.42677197e-14 -9.15576544e-15  1.74691597e-13 -2.38068676e-14
 -1.86611634e-14  1.59151145e-13 -1.96779702e-14 -2.46412121e-15
 -1.88082670e-14 -2.08712389e-14 -2.08712389e-14  1.85221846e-13
  2.83317243e-13 -2.04973564e-14 -6.46904490e-14 -1.35311580e-14
 -2.04973564e-14 -1.96779702e-14  2.04099223e-13 -2.27906635e-14
 -6.91613161e-15 -6.91613160e-15 -7.39664105e-15 -1.87302407e-14
 -6.95699047e-14 -4.69754765e-14 -1.94125440e-16  1.24861171e-13
 -1.87302407e-14 -1.11313295e-15  1.94825155e-13 -1.35311580e-14
  1.39567367e-13  1.38055919e-13  1.38055919e-13 -5.91174792e-15
 -9.15576543e-15 -1.42677196e-14  2.38820768e-02 -1.94125416e-16
  1.39567367e-13 -9.61527479e-15  2.03188695e-16 -6.44850030e-15
 -6.16911802e-14 -1.96779702e-14  3.04398411e-02 -8.53655077e-15
 -2.46412117e-15 -1.25238753e-14 -1.25238753e-14 -4.69754765e-14
  4.72864807e-03 -1.35311580e-14 -1.81902591e-14 -9.15576546e-15
  1.89352386e-13 -9.15576543e-15 -1.25692281e-14 -6.61658715e-14
  2.60381322e-13 -6.75717052e-15  9.83832000e-15  1.47961705e-13
  1.39568747e-13 -1.35311580e-14 -9.61527480e-15 -2.04973564e-14
 -2.38068676e-14  3.51244837e-02 -1.35311580e-14  1.34366011e-13
 -1.57770690e-14 -1.68206204e-14  1.44083774e-13 -2.08712389e-14
  2.31626832e-03  8.70776368e-04 -1.35311580e-14  3.90359240e-03
  1.49871199e-13 -1.48362209e-14 -1.59625272e-14 -1.46785203e-14
 -1.46785203e-14 -1.68206204e-14 -1.81902591e-14 -1.77547811e-14
  2.52189973e-13 -9.15576544e-15 -1.94125443e-16  1.24861171e-13
 -6.74331321e-14 -2.04973564e-14  2.48728960e-13 -2.17662670e-14
 -9.90012426e-15  1.34366011e-13 -1.64285359e-14 -6.74331321e-14
 -6.72334444e-14 -9.15576545e-15 -9.15576544e-15 -2.17662670e-14
  1.41250054e-13  1.36168810e-13  1.34366011e-13  1.59151145e-13
 -6.44850030e-15 -6.16911802e-14  4.09677600e-02  1.27876522e-03
  1.34366011e-13 -1.77547811e-14 -5.42677848e-15 -6.44850032e-15
 -1.81902591e-14  9.55490655e-04 -6.44850030e-15  1.44658178e-13
  1.26341056e-13  4.09677589e-02  1.49871199e-13 -1.96779702e-14
 -1.68206204e-14  2.83317243e-13 -2.38068676e-14  2.05952331e-13
 -1.81902591e-14  1.36168810e-13 -5.87233176e-14  2.32351848e-03
  2.04099223e-13 -1.42677196e-14 -1.57770690e-14 -1.33656938e-14
 -6.52052270e-14 -1.35311580e-14 -1.35311580e-14  1.37342250e-13
 -1.25238753e-14  1.37342250e-13 -1.25238753e-14  1.50245409e-03
 -1.81902591e-14 -9.90012427e-15  1.57813375e-03 -2.10682751e-14
 -1.35311580e-14  1.74691597e-13 -1.46785203e-14 -1.81902591e-14
  1.89352386e-13  2.31626790e-03  9.77815771e-02 -8.53655076e-15
 -5.91174792e-15  1.38639449e-01 -1.94125425e-16  1.89352386e-13
 -1.44922318e-14 -9.15576544e-15 -1.77547811e-14 -2.17662670e-14
 -2.31639486e-14 -8.22880407e-15  2.03188722e-16  1.85221846e-13
 -1.33656938e-14  1.49871199e-13  2.04099223e-13 -6.75717053e-15
 -1.48362209e-14  2.83317243e-13  4.76272202e-03 -2.08712389e-14
 -8.53655078e-15  1.44083774e-13  2.04099223e-13  2.04099223e-13
  2.03188727e-16 -1.33656938e-14 -1.35311580e-14  2.05952331e-13
 -1.25238753e-14 -1.35311580e-14  1.59151145e-13 -7.12381703e-15
  5.23456773e-03 -1.87302407e-14  1.47961705e-13  1.94028943e-03
 -1.96779702e-14 -1.42677196e-14  1.36168810e-13  4.76272114e-03
 -4.71203210e-15 -1.57770690e-14 -1.35311580e-14 -6.44850031e-15
 -6.44850030e-15  2.12164869e-13  4.09677587e-02  2.32062064e-03
  5.23456784e-03 -1.64285358e-14 -6.91613160e-15 -9.15576544e-15
  1.85221846e-13  1.34366011e-13 -2.38068676e-14 -6.16911801e-14
 -1.30573364e-14  1.28076167e-13 -5.01600768e-15 -6.75717053e-15
 -1.81902590e-14  1.35279577e-13  4.72864783e-03 -1.66019859e-14
  1.08348656e-14  1.36168810e-13 -1.57770690e-14 -8.71568937e-14
 -7.39664107e-15 -6.30026714e-14 -5.52513751e-14  6.98546379e-15
  4.76272034e-03 -9.47858683e-15 -2.38068676e-14 -1.00293799e-14
  2.38820782e-02  1.49871199e-13  1.36168810e-13 -1.68206204e-14
  1.62775569e-13  1.22496716e-01 -1.25692281e-14 -9.61527480e-15
 -4.71203210e-15 -1.25313768e-14 -6.44850032e-15  1.39568747e-13
  6.98546378e-15 -2.38068676e-14 -1.96779702e-14  1.28076167e-13
 -6.75717054e-15 -2.38068676e-14  1.28382763e-01  1.39567367e-13
  1.39568747e-13  1.00693821e-03 -5.01600765e-15  2.47523600e-03
 -2.31639486e-14  1.39568747e-13  4.09677580e-02  2.32062087e-03
  1.59151145e-13 -8.53655076e-15 -1.33656938e-14 -1.33656938e-14
  4.97972851e-03 -6.44850031e-15  1.26341056e-13  1.50245385e-03
 -1.51010221e-14 -2.04973564e-14  2.48728960e-13 -1.51010221e-14
  9.55490653e-04 -6.44850031e-15 -1.59625272e-14 -1.42677196e-14
  4.09677589e-02 -2.38068677e-14  2.39866155e-15  1.78658633e-13
  1.27876521e-03 -6.44850033e-15  2.65831799e-15 -1.68206204e-14
 -1.96779702e-14  1.38055919e-13  1.85221846e-13 -8.53655075e-15
 -2.17662670e-14  1.57813371e-03 -1.57770690e-14 -6.44850030e-15
 -5.87233176e-14 -1.57770690e-14 -2.17662670e-14  1.24861171e-13
 -1.44922318e-14 -1.86611634e-14  1.13206510e-14 -1.30080956e-14
 -1.42677196e-14  1.34366011e-13 -2.31639486e-14 -9.90012429e-15
 -8.53655077e-15  8.55537120e-15  1.47961705e-13 -2.17662670e-14
  8.55537117e-15 -5.52513751e-14 -3.71729766e-14  2.65831798e-15
  9.79946136e-16  1.81051384e-14 -8.22880408e-15  1.49871199e-13
 -1.51010221e-14 -1.57770690e-14 -1.68206204e-14 -2.17662670e-14
  1.26341056e-13  1.26341056e-13 -8.53655078e-15 -1.64285358e-14
 -3.48939599e-15 -1.48362210e-14 -2.10682751e-14 -1.35311580e-14
  3.90359128e-03  2.97715646e-02  1.47961705e-13 -8.53655077e-15
 -1.59625272e-14 -2.10682750e-14 -7.39664107e-15  1.67898198e-13
  1.74691597e-13 -9.15576544e-15  5.23456720e-03 -1.00293799e-14
 -1.81902590e-14 -1.11313292e-15 -2.20430444e-14  1.59151145e-13
  1.39567367e-13 -1.68206204e-14 -1.30818915e-14 -9.15576545e-15
  2.05952331e-13  1.47961705e-13 -1.51010221e-14 -1.48362209e-14
 -1.91934199e-14 -9.90012426e-15 -1.94258557e-14 -4.71203209e-15
 -2.38068676e-14 -2.17662670e-14  1.38055919e-13  1.46202932e-13
  2.04099223e-13  2.31456016e-03  2.04099223e-13  3.04398411e-02
 -7.39664103e-15 -1.96779702e-14  1.28382762e-01  2.32062036e-03
 -6.72334444e-14 -8.53655078e-15 -6.46368963e-14  2.60381322e-13
  1.36168810e-13 -1.94258557e-14 -1.35311580e-14  1.31066535e-13
  1.78658633e-13  1.59151145e-13 -1.96779702e-14 -1.35311580e-14
 -8.71568937e-14  8.70776302e-04  1.13206510e-14 -1.81902591e-14
 -6.89617869e-14 -2.04973564e-14 -6.44850031e-15 -1.77547811e-14
  1.89352386e-13 -6.61658715e-14 -1.33656938e-14 -5.91174791e-15
 -1.25692281e-14 -9.47858683e-15  2.39866155e-15 -1.94125427e-16
 -1.30818914e-14 -2.04973564e-14  2.03188722e-16 -1.77547810e-14
  1.28449523e-13 -1.48362209e-14  2.97715648e-02 -1.64285359e-14
 -1.30573364e-14  1.35279577e-13 -6.44850032e-15 -2.38068676e-14
  2.31456033e-03 -1.68206204e-14 -6.52052270e-14  4.76272067e-03
 -1.51010221e-14  1.49871199e-13 -1.25238753e-14 -1.11313296e-15
 -1.91934199e-14 -6.30026714e-14 -1.48362209e-14 -2.04973564e-14
  8.70776283e-04  3.04398405e-02  1.22496713e-01  2.04099223e-13
 -8.53655077e-15 -1.35311580e-14  2.83317243e-13  1.24861171e-13
 -1.96779702e-14  2.48728960e-13  1.39568747e-13 -6.46368962e-14
  2.97715657e-02  2.52189973e-13 -1.35311580e-14  1.94028948e-03
  1.24861171e-13 -9.61527481e-15 -2.38068676e-14 -2.17662670e-14
 -1.77547811e-14 -6.52052270e-14 -1.48362209e-14 -2.17662670e-14
  1.36168810e-13 -1.42677196e-14  1.89352386e-13  1.89352386e-13
 -1.25313768e-14 -1.66019859e-14 -1.35311580e-14  8.70776258e-04
 -2.04973564e-14 -2.17662670e-14 -1.88082670e-14 -1.11313294e-15
 -1.85277011e-14  1.74691597e-13 -6.44850031e-15  1.31066535e-13
 -1.51010221e-14 -1.87302407e-14  2.38820793e-02 -6.44850030e-15
  1.94028957e-03 -1.94125423e-16 -5.87233176e-14 -1.57770690e-14
  1.38055919e-13 -5.42677847e-15 -1.35311580e-14 -1.64285359e-14
  1.00693817e-03  1.39567367e-13  1.85221846e-13  1.59151145e-13
  3.04398402e-02]
33, 0.0297715623534432163, 0.03512448303973208480, 0.1224967145013228898, 0.029771566140893838135, 0.03043984039464893136, 0.12838276264982199162, 0.04096776058267373169, 0.02977156487666043182, 0.12838276386673558222, 0.02388207709026392229, 0.09778157882020957238, 0.09778157935057966268, 0.023882078385402523280, 0.12249671461380084291, 0.02977156401629157312, 0.030439841172571418348, 0.09778157933659586350, 0.030439840793100973351, 0.029771562051013754429, 0.12838276012488367436, 0.029771564478501603461, 0.03512448315411369490, 0.12838276251314765505, 0.02977156456642347520, 0.0409677585030247525, 0.030439841102048993538, 0.02977156590665166603, 0.09778157930555183609, 0.04096775811423936645, 0.09778158036816016669, 0.0351244832291634687, 0.035124483388665015689, 0.030439841393288123716, 0.03043984101347801780, 0.03512448352484104852, 0.030439840244642965913, 0.13863945118083978935, 0.0238820772511013951024, 0.138639454223865981039, 0.0297715656993143741046, 0.0304398412696742851112, 0.040967759129449021115, 0.0297715643982893361132, 0.029771564327648511176, 0.0304398410927105361196, 0.0409677575665517851205, 0.128382763152094351213, 0.0297715645720933041250, 0.122496714360348371316, 0.122496714088884811459, 0.128382762709889881477, 0.040967758216227741501, 0.035124483118450511502, 0.0297715650428594381526, 0.09778157977661931545, 0.0304398419811535671558, 0.0238820774505974881560, 0.0351244822493830541581, 0.0409677585470574961597, 0.122496715026698541650, 0.0304398419316156761660, 0.040967760491861111667, 0.0304398417591340981686, 0.04096775909177761704, 0.13863945009226431730, 0.097781577522598711750, 0.0409677585891106351768, 0.12249671516835951814, 0.040967758098015981836, 0.023882077153100241934, 0.023882076799073681942, 0.0304398411387681761965, 0.035124483734818932006, 0.0409677599586866852017, 0.0409677589287552742050, 0.09778157713121772053, 0.138639449349605152098, 0.0409677586865770662128, 0.023882078175107542133, 0.122496716165866582146, 0.128382762591892882154, 0.040967758045508882172, 0.040967758907798922225, 0.0297715646461069742259, 0.03043984105448462262, 0.128382761743989962298, 0.029771564785810362317, 0.0304398404886464042318, 0.122496713076924062328, 0.0297715656504651642358, 0.0238820793061255282372, 0.030439840216304442