
The optimal value is 5.9999999999910445
A solution y is [ 5.00000000e-01  8.60118584e-12  8.60114784e-12 -5.00000000e-01
  5.00000000e-01  5.00000000e-01 -5.00000000e-01  4.97834972e-12
  4.97841598e-12  8.23189360e-12  4.97841779e-12  5.00000000e-01
  5.00000000e-01  4.97833663e-12  8.23187641e-12 -4.37306279e-12
 -5.00000000e-01  8.60116384e-12  8.23194286e-12  8.60110846e-12
  4.97842188e-12  8.60114144e-12  5.00000000e-01 -4.37305001e-12
  8.23188341e-12  5.00000000e-01  8.60112000e-12  4.97838861e-12
  5.00000000e-01 -4.37306397e-12 -4.37306933e-12 -4.37303212e-12
  4.97842774e-12 -4.37307886e-12  4.97842466e-12  8.60113226e-12
  5.00000000e-01 -4.37306520e-12  8.60119011e-12  5.00000000e-01
  5.00000000e-01  5.00000000e-01 -5.00000000e-01  5.00000000e-01
 -4.37309596e-12  5.00000000e-01  5.00000000e-01  5.00000000e-01
 -3.74343208e-12]
0, 0.4999999999906136
3, -0.4999999999904021
4, 0.49999999999061356
5, 0.4999999999906136
6, -0.4999999999904021
11, 0.4999999999906136
12, 0.49999999999061356
16, -0.4999999999904021
22, 0.4999999999906136
25, 0.49999999999061356
28, 0.4999999999906136
36, 0.49999999999061356
39, 0.4999999999906136
40, 0.4999999999906136
41, 0.49999999999061356
42, -0.4999999999904021
43, 0.4999999999906136
45, 0.49999999999061356
46, 0.49999999999061356
47, 0.4999999999906136
DUAL
[4.76324735e-14 4.69485702e-14 3.92532255e-14 1.02861785e-13
 4.63383574e-14 3.66859396e-14 4.50147957e-14 4.59860593e-14
 4.69214450e-14 2.55315955e-03 4.64349865e-14 4.68250618e-14
 4.85440923e-14 8.63998252e-14 9.63597778e-14 4.70540549e-14
 4.85475203e-14 2.24766578e-03 4.72202314e-14 4.57583852e-14
 4.69214450e-14 4.72202314e-14 4.69485702e-14 4.61364304e-03
 4.63383574e-14 4.89332898e-14 4.70702221e-03 5.02799831e-14
 1.24913804e-13 4.71443647e-14 4.67645084e-14 5.03648972e-14
 9.63597778e-14 3.07443718e-02 5.01864595e-03 4.88750817e-14
 4.88570421e-14 4.85440923e-14 5.01864544e-03 3.16213538e-14
 4.71443647e-14 4.72202314e-14 3.18960134e-14 2.35411449e-14
 2.49432605e-14 4.76324735e-14 4.35628033e-14 9.03994363e-14
 5.26596362e-14 4.88570421e-14 8.91149527e-14 1.09482817e-13
 4.63383574e-14 9.44953387e-14 9.10580927e-14 9.22046630e-04
 1.00089580e-13 3.92532255e-14 5.03648972e-14 3.18960134e-14
 2.96049571e-14 4.85475203e-14 1.00888116e-13 2.73843484e-02
 4.85475203e-14 2.76125778e-14 1.59026300e-13 4.72202314e-14
 1.63883469e-13 2.31675408e-03 4.64349865e-14 4.88750817e-14
 4.70608459e-14 4.80794769e-14 4.67645084e-14 9.63597778e-14
 3.18960134e-14 5.03648972e-14 4.72202314e-14 1.13779538e-13
 1.23771054e-01 1.24913804e-13 3.15716218e-14 4.71443647e-14
 1.09529211e-13 4.68250618e-14 3.92532255e-14 8.91149527e-14
 1.24913804e-13 3.92532255e-14 4.68250618e-14 1.35473113e-13
 4.70496865e-14 4.76324735e-14 9.44953387e-14 4.76324735e-14
 4.69214450e-14 1.53739154e-03 3.07443715e-02 4.57583852e-14
 2.49432605e-14 4.85475203e-14 4.67645084e-14 4.69485702e-14
 1.13779538e-13 5.02799831e-14 4.59860593e-14 4.68250618e-14
 4.50147957e-14 5.76373728e-14 5.10462319e-14 4.61364144e-03
 5.01904430e-14 1.22506624e-13 3.26608015e-14 1.04549511e-13
 5.01864570e-03 4.70608459e-14 4.76324735e-14 4.80794769e-14
 4.70608459e-14 4.68250618e-14 3.36412235e-13 5.17539547e-14
 4.63383574e-14 6.06194749e-14 4.41352963e-14 4.57583852e-14
 3.15716218e-14 4.41352963e-14 4.63383574e-14 9.34903179e-14
 9.71137147e-14 1.22506624e-13 5.76373728e-14 3.94357612e-02
 1.17541024e-01 4.88750817e-14 2.41794056e-03 4.80794769e-14
 9.44953387e-14 4.63383574e-14 4.63383574e-14 4.22512447e-14
 4.77043195e-14 4.69485702e-14 2.36532318e-03 5.26596362e-14
 4.59826815e-14 4.41352963e-14 4.85475203e-14 5.26596362e-14
 4.57583852e-14 9.76570831e-14 1.53739165e-03 4.55811200e-14
 9.10580927e-14 4.89739151e-14 1.00888116e-13 5.03648972e-14
 4.71596837e-14 7.26869782e-14 4.03693298e-02 4.76324735e-14
 4.88570421e-14 5.29504505e-14 1.45941668e-13 4.76291541e-14
 4.57583852e-14 3.07443719e-02 5.76373728e-14 4.80794769e-14
 4.69485702e-14 2.48408803e-14 3.16213538e-14 4.73787146e-14
 5.17539547e-14 1.23839720e-13 4.88750817e-14 1.45941668e-13
 1.24913804e-13 4.68250618e-14 1.17541026e-01 4.88750817e-14
 4.85288550e-14 3.40897893e-14 3.92532255e-14 4.71443647e-14
 4.69485702e-14 4.70608459e-14 1.02861785e-13 3.15289158e-14
 9.03994363e-14 1.09482817e-13 4.64349865e-14 7.99305630e-04
 1.22873488e-03 4.64349865e-14 2.25891483e-03 4.68250618e-14
 4.68250618e-14 5.36644838e-14 5.29504505e-14 1.23839720e-13
 9.44953387e-14 5.01904430e-14 5.76373728e-14 3.92532255e-14
 7.26869782e-14 4.73787146e-14 1.09529211e-13 5.26596362e-14
 4.88750817e-14 1.10703359e-03 5.01864685e-03 4.88750817e-14
 1.53739209e-03 1.00888116e-13 1.22506624e-13 3.18960134e-14
 4.88750817e-14 4.85475203e-14 2.30086767e-02 5.02799831e-14
 4.63383574e-14 3.15716218e-14 3.26608015e-14 4.76324735e-14
 9.38759181e-04 9.71387563e-02 4.58215568e-14 9.44953387e-14
 5.04037593e-14 5.54723255e-14 4.76291541e-14 4.63383574e-14
 4.50147957e-14 9.71137147e-14 9.71387573e-02 4.69485702e-14
 1.22873494e-03 4.73787146e-14 3.18960134e-14 6.06194749e-14
 7.26869782e-14 9.44953387e-14 1.22506624e-13 4.59860593e-14
 2.55315913e-03 3.15716218e-14 1.02861785e-13 1.04549511e-13
 5.01904430e-14 5.26596362e-14 5.17539547e-14 4.76324735e-14
 4.63383574e-14 4.69485702e-14 1.13414995e-13 4.69485702e-14
 5.58575101e-14 1.22506624e-13 2.71718610e-14 5.10166493e-14
 4.57583852e-14 4.57583852e-14 1.23839720e-13 3.00903226e-14
 2.30086783e-02 4.88250535e-14 3.66859396e-14 2.48408803e-14
 4.85288550e-14 3.92532255e-14 4.64899722e-14 3.95634962e-14
 1.00888116e-13 4.88750817e-14 8.91149527e-14 4.70608459e-14
 1.23771054e-01 5.03648972e-14 4.68250618e-14 4.77043195e-14
 3.26608015e-14 2.24766576e-03 1.02277441e-13 3.15716218e-14
 5.03648972e-14 4.69485702e-14 6.37166099e-14 3.07443713e-02
 5.10462319e-14 3.26608015e-14 1.02861785e-13 4.72202314e-14
 9.44953387e-14 4.70608459e-14 4.72202314e-14 1.00089580e-13
 1.59026300e-13 4.54451498e-14 4.70608459e-14 3.36969458e-14
 4.61364231e-03 8.91149527e-14 9.71137147e-14 9.44953387e-14
 4.58215568e-14 4.73787146e-14 9.10580927e-14 1.42329805e-13
 3.94357603e-02 1.35473113e-13 2.67760191e-14 4.59826815e-14
 1.63883469e-13 1.00888116e-13 1.15185922e-13 2.96049571e-14
 4.50147957e-14 1.60969049e-13 1.04549511e-13 2.25891520e-03
 5.68391465e-14 3.92532255e-14 1.02861785e-13 3.18960134e-14
 1.02861785e-13 3.18960134e-14 1.22506624e-13 9.44953387e-14
 4.76324735e-14 4.63383574e-14 4.80794769e-14 2.36532307e-03
 1.00888116e-13 4.61364205e-03 4.70496865e-14 5.10462319e-14
 4.85288550e-14 8.91149527e-14 6.61283235e-14 5.54723255e-14
 1.42329805e-13 1.22506624e-13 2.67760191e-14 4.62358061e-14
 9.71387573e-02 4.41352963e-14 3.94357601e-02 3.07443707e-02
 2.24766575e-03 4.68250618e-14 1.02861785e-13 4.22512447e-14
 2.25891472e-03 7.26869782e-14 4.69485702e-14 2.41794095e-03
 1.22506624e-13 4.55811200e-14 4.69485702e-14 4.99207373e-14
 1.68953259e-03 1.22506624e-13 4.68250618e-14 1.24913804e-13
 1.00089580e-13 4.72202314e-14 1.22506624e-13 2.36532353e-03
 4.76324735e-14 1.02861785e-13 9.71137147e-14 4.55811200e-14
 3.36969458e-14 4.99207373e-14 1.09529211e-13 5.26596362e-14
 9.10580927e-14 4.83611556e-03 9.10580927e-14 5.26596362e-14
 4.68250618e-14 5.54723255e-14 3.92532255e-14 1.22506624e-13
 7.26869782e-14 1.09482817e-13 4.70496865e-14 4.88250535e-14
 4.69214450e-14 4.83611540e-03 2.24831059e-03 4.69485702e-14
 2.49432605e-14 9.44953387e-14 9.44953387e-14 4.68250618e-14
 4.70496865e-14 5.17539547e-14 5.58575101e-14 8.63998252e-14
 5.17539547e-14 4.72202314e-14 1.22506624e-13 4.70496865e-14
 4.22512447e-14 5.03648972e-14 4.67645084e-14 3.92532255e-14
 2.35411449e-14 1.10703353e-03 4.50147957e-14 2.36532282e-03
 4.80794769e-14 4.63383574e-14 4.85475203e-14 1.04549511e-13
 5.03648972e-14 4.59826815e-14 5.03648972e-14 4.64349865e-14
 5.10462319e-14 4.72202314e-14 1.00888116e-13 4.64349865e-14
 9.44953387e-14 1.17541025e-01 4.61364185e-03 4.55811200e-14
 4.59860593e-14 4.50147957e-14 4.83611573e-03 5.76373728e-14
 3.07443717e-02 4.75225409e-14 5.17539547e-14 3.92532255e-14
 1.24913804e-13 2.41794085e-03 5.26596362e-14 4.80794769e-14
 1.03784731e-13 4.80478694e-14 4.76291541e-14 2.96049571e-14
 4.64899722e-14 4.54451498e-14 4.57583852e-14 4.63383574e-14
 4.15281502e-03 4.71443647e-14 1.00888116e-13 4.55811200e-14
 5.26596362e-14 4.64349865e-14 5.17539547e-14 3.16213538e-14
 9.44953387e-14 2.73843485e-02 4.70496865e-14 5.03648972e-14
 3.95634962e-14 1.09482817e-13 1.35473113e-13 4.69485702e-14
 3.92532255e-14 1.22873474e-03 4.41352963e-14 4.54451498e-14
 4.61364207e-03 4.69485702e-14 4.50147957e-14 4.50147957e-14
 4.85288550e-14 4.73787146e-14 2.36532313e-03 4.55811200e-14
 4.64349865e-14 4.59860593e-14 3.15716218e-14 4.55811200e-14
 4.70608459e-14 1.63883469e-13 4.70608459e-14 4.70608459e-14
 3.24879839e-14 4.71443647e-14 1.17541025e-01 4.68250618e-14
 6.06194749e-14 9.71137147e-14 8.63998252e-14 5.01904430e-14
 3.36969458e-14 4.85288550e-14 9.63597778e-14 1.42329805e-13
 4.85288550e-14 4.64349865e-14 3.92532255e-14 9.76570831e-14
 5.68391465e-14 3.07443711e-02 2.36532309e-03 4.88750817e-14
 5.03648972e-14 4.72202314e-14 5.26596362e-14 4.69485702e-14
 1.53739187e-03 4.41352963e-14 4.88250535e-14 5.29504505e-14
 5.10166493e-14 4.77043195e-14 4.68250618e-14 5.02799831e-14
 4.03693303e-02 4.63383574e-14 4.85475203e-14 4.99207373e-14
 5.17539547e-14 3.94357595e-02 4.70496865e-14 4.55811200e-14
 4.76291541e-14 5.36644838e-14 1.09529211e-13 4.76324735e-14
 1.23839720e-13 1.23839720e-13 5.26596362e-14 1.22506624e-13
 4.57583852e-14 1.13414995e-13 3.07443727e-02 9.45618202e-14
 1.45941668e-13 1.63883469e-13 4.55982347e-14 4.70608459e-14
 4.59860593e-14 9.38759261e-04 4.55811200e-14 4.72202314e-14
 4.64349865e-14 3.95634962e-14 4.76324735e-14 5.51109434e-14
 1.22873481e-03 1.09482817e-13 2.24766648e-03 5.26596362e-14
 9.63597778e-14 1.09529211e-13 5.36644838e-14 1.68953257e-03
 4.64349865e-14 4.54451498e-14 4.70496865e-14 8.91149527e-14
 1.23839720e-13 3.95634962e-14 4.50147957e-14 3.92532255e-14
 4.55811200e-14 4.88570421e-14 1.09482817e-13 3.66859396e-14
 3.92532255e-14 4.89332898e-14 4.59860593e-14 5.17539547e-14
 4.99207373e-14 4.70496865e-14 9.03994363e-14 1.09529211e-13
 4.59860593e-14 4.75225409e-14 6.37166099e-14 4.99207373e-14
 4.73787146e-14 4.80478694e-14 4.55811200e-14 3.40897893e-14
 1.24913804e-13 4.76324735e-14 1.13779538e-13 4.69485702e-14
 1.59026300e-13 1.22506624e-13 1.59026300e-13 1.03784731e-13
 4.73787146e-14 3.00903226e-14 3.36969458e-14 2.76125778e-14
 4.54451498e-14 4.69485702e-14 5.54723255e-14 9.71387564e-02
 4.50147957e-14 9.10580927e-14 4.88750817e-14 4.70608459e-14
 1.35473113e-13 4.03693295e-02 1.16151016e-13 4.57583852e-14
 5.29504505e-14 3.26608015e-14 9.71137147e-14 5.51109434e-14
 4.83611479e-03 4.68250618e-14 5.29504505e-14 3.16213538e-14
 4.71443647e-14 4.85475203e-14 4.63383574e-14 4.72202314e-14
 4.71443647e-14 5.03648972e-14 4.64349865e-14 1.10703368e-03
 4.73787146e-14 4.63383574e-14 1.35473113e-13 1.09482817e-13
 4.83611492e-03 1.22873504e-03 4.68250618e-14 3.26608015e-14
 1.59026300e-13 4.64899722e-14 4.76324735e-14 4.68250618e-14
 2.25891490e-03 4.54451498e-14 1.15185922e-13 1.09482817e-13
 2.31675444e-03 9.71387561e-02 1.10703349e-03 4.69485702e-14
 1.00888116e-13 1.15185922e-13 1.42329805e-13 4.64349865e-14
 4.85440923e-14 5.01904430e-14 4.75225409e-14 4.71443647e-14
 1.53739175e-03 4.64349865e-14 2.55315921e-03 4.69485702e-14
 4.69485702e-14 1.09529211e-13 4.57583852e-14 1.24913804e-13
 4.72202314e-14 4.70608459e-14 4.68250618e-14 4.72202314e-14
 5.54723255e-14 2.73843479e-02 4.70496865e-14 1.15185922e-13
 3.40897893e-14 5.03648972e-14 4.50147957e-14 4.63383574e-14
 5.68391465e-14 1.35473113e-13 4.41352963e-14 9.34903179e-14
 9.22046654e-04 5.11596123e-14 9.31870575e-14 1.02277441e-13
 4.63383574e-14 3.15716218e-14 4.59860593e-14 2.73843480e-02
 4.80794769e-14 3.94357610e-02 5.17539547e-14 3.24879839e-14
 4.22512447e-14 4.70496865e-14 4.58215568e-14 1.63883469e-13
 2.55315903e-03 1.00888116e-13 9.63597778e-14 5.11596123e-14
 4.63383574e-14 9.71137147e-14 3.36969458e-14 6.61283235e-14
 4.76324735e-14 1.22506624e-13 7.26869782e-14 6.42806495e-14
 4.69485702e-14 1.63883469e-13 1.03784731e-13 4.63383574e-14
 4.68250618e-14 5.02799831e-14 4.50147957e-14 4.99207373e-14
 3.94357605e-02 9.44953387e-14 4.63383574e-14 5.76373728e-14
 4.57583852e-14 1.00888116e-13 3.54360240e-14 4.41352963e-14
 5.01864625e-03 3.36969458e-14 4.50147957e-14 4.70496865e-14
 4.88750817e-14 1.22873485e-03 1.03784731e-13 4.89739151e-14
 1.59026300e-13 3.92532255e-14 2.36532368e-03 3.40897893e-14
 1.35473113e-13 4.88750817e-14 3.16213538e-14 4.85288550e-14
 4.15281414e-03 1.59026300e-13 5.11596123e-14 5.03648972e-14
 4.68250618e-14 3.95634962e-14 4.70496865e-14 1.23839720e-13
 4.63383574e-14 1.68953236e-03 4.75225409e-14 2.36532326e-03
 4.83611576e-03 1.16151016e-13 1.13414995e-13 1.23839720e-13
 2.24766599e-03 4.73787146e-14 1.45941668e-13 1.02861785e-13
 4.69485702e-14 4.76291541e-14 4.83611540e-03 5.26596362e-14
 4.69214450e-14 4.76324735e-14 9.44953387e-14 4.76324735e-14
 1.09482817e-13 4.68250618e-14 2.71718610e-14 5.58575101e-14
 4.71443647e-14 1.68953230e-03 1.00888116e-13 3.95634962e-14
 4.41352963e-14 4.50147957e-14 4.68250618e-14 4.54451498e-14
 2.73843483e-02 5.26114068e-14 4.64349865e-14 4.88750817e-14
 4.72202314e-14 1.09482817e-13 4.69485702e-14 4.70496865e-14
 4.15281575e-03 1.53739163e-03 1.42329805e-13 4.55811200e-14
 4.89739151e-14 4.72202314e-14 4.63383574e-14 4.70496865e-14
 2.67760191e-14 4.69214450e-14 4.73787146e-14 3.92532255e-14
 5.58575101e-14 1.02277441e-13 1.02861785e-13 9.71137147e-14
 4.35628033e-14 2.24766609e-03 1.22506624e-13 5.54723255e-14
 2.31675404e-03 4.69485702e-14 9.76570831e-14 4.69214450e-14
 4.41352963e-14 5.58575101e-14 4.88250535e-14 4.63383574e-14
 4.88570421e-14 4.80794769e-14 5.17539547e-14 3.36969458e-14
 3.92532255e-14 4.76324735e-14 3.92532255e-14 4.68250618e-14
 1.10703353e-03 7.26869782e-14 4.76324735e-14 1.35473113e-13
 1.00888116e-13 3.18960134e-14 4.71443647e-14 5.11596123e-14
 4.68250618e-14 1.16151016e-13 4.80478694e-14 1.45941668e-13
 4.70496865e-14 4.15281496e-03 4.72202314e-14 4.85475203e-14
 4.22512447e-14 4.85440923e-14 4.64899722e-14 9.44953387e-14
 4.64349865e-14 9.44953387e-14 1.10703351e-03 3.26608015e-14
 1.00089580e-13 4.68250618e-14 1.68953257e-03 1.09529211e-13
 3.94357606e-02 4.63383574e-14 4.61364250e-03 4.70608459e-14
 4.88250535e-14 4.76291541e-14 1.53739186e-03 4.63383574e-14
 4.73787146e-14 4.63383574e-14 3.36969458e-14 4.70540549e-14
 4.58215568e-14 9.10580927e-14 2.24831130e-03 1.22506624e-13
 4.69485702e-14 4.73787146e-14 4.55811200e-14 9.31870575e-14
 5.04037593e-14 1.02277441e-13 4.85475203e-14 4.73787146e-14
 4.69214450e-14 4.69214450e-14 4.76324735e-14 4.59860593e-14
 1.10703362e-03 5.36644838e-14 4.61364217e-03 4.80794769e-14
 1.00888116e-13 9.22046750e-04 9.03994363e-14 4.72202314e-14
 2.49432605e-14 1.03784731e-13 4.63383574e-14 4.73787146e-14
 4.88570421e-14 4.72202314e-14 1.00089580e-13 9.71137147e-14
 4.50147957e-14 1.42329805e-13 9.10580927e-14 3.92532255e-14
 5.03648972e-14 3.00903226e-14 5.10166493e-14 5.01864587e-03
 4.63383574e-14 1.00888116e-13 1.13779538e-13 1.02861785e-13
 4.68250618e-14 1.00888116e-13 4.85288550e-14 1.15185922e-13
 4.55811200e-14 1.37627209e-01 2.71718610e-14 1.09482817e-13
 9.45618202e-14 5.15521863e-03 4.41352963e-14 4.64349865e-14
 4.68250618e-14 4.41352963e-14 4.76291541e-14 5.04037593e-14
 4.69485702e-14 4.67645084e-14 3.92532255e-14 4.41352963e-14
 1.63883469e-13 1.68953284e-03 4.72202314e-14 6.61283235e-14
 3.36969458e-14 4.85475203e-14 4.64349865e-14 2.30086768e-02
 1.63883469e-13 1.24913804e-13 4.59860593e-14 1.10703349e-03
 4.50147957e-14 9.10580927e-14 9.38759385e-04 4.88750817e-14
 4.72202314e-14 4.57583852e-14 1.10703347e-03 5.26596362e-14
 4.36398432e-14 3.24879839e-14 5.26596362e-14 4.70702209e-03
 1.42329805e-13 1.00888116e-13 3.92532255e-14 6.06194749e-14
 4.88570421e-14 2.41794152e-03 5.58575101e-14 1.09482817e-13
 4.89739151e-14 4.76324735e-14 4.70608459e-14 4.57583852e-14
 2.48408803e-14 4.35628033e-14 1.23839720e-13 9.31870575e-14
 5.76373728e-14 4.76291541e-14 4.76291541e-14 1.13779538e-13
 4.64349865e-14 1.23839720e-13 5.01864599e-03 4.68250618e-14
 4.70540549e-14 4.68250618e-14 4.89332898e-14 1.13779538e-13
 1.02861785e-13 3.26608015e-14 1.10703346e-03 5.26596362e-14
 4.70496865e-14 4.68250618e-14 4.69485702e-14 2.25891515e-03
 4.89332898e-14 4.64899722e-14 4.71596837e-14 1.63883469e-13
 1.23839720e-13 1.53739172e-03 4.85440923e-14 4.50386718e-14
 2.71718610e-14 4.88570421e-14 4.68250618e-14 3.92532255e-14
 4.70608459e-14 3.92532255e-14 2.67760191e-14 4.73787146e-14
 4.41352963e-14 4.67645084e-14 4.57583852e-14 9.19573747e-14
 5.17539547e-14 4.64349865e-14 5.17539547e-14 4.85288550e-14
 5.76373728e-14 5.26596362e-14 4.68250618e-14 4.73787146e-14
 4.70496865e-14 4.55811200e-14 4.70496865e-14 4.57583852e-14
 1.10703360e-03 4.70608459e-14 4.76291541e-14 4.70608459e-14
 1.37627210e-01 4.69485702e-14 8.91149527e-14 1.02861785e-13
 4.64349865e-14 4.61364206e-03 4.77043195e-14 4.85475203e-14
 9.19573747e-14 5.29504505e-14 4.89739151e-14 4.54451498e-14
 4.67645084e-14 4.68250618e-14 3.36969458e-14 3.07443729e-02
 5.10166493e-14 4.59860593e-14 4.62358061e-14 4.57583852e-14
 5.11596123e-14 1.24913804e-13 3.94357615e-02 5.03648972e-14
 4.59860593e-14 4.70496865e-14 3.36969458e-14 3.92532255e-14
 3.54360240e-14 4.69485702e-14 1.22506624e-13 4.70608459e-14
 4.80794769e-14 3.15716218e-14 4.80478694e-14 1.24913804e-13
 1.10703351e-03 2.41794119e-03 4.88750817e-14 9.19573747e-14
 4.75225409e-14 4.71596837e-14 9.45618202e-14 1.23839720e-13
 9.44953387e-14 4.70608459e-14 6.61283235e-14 5.68391465e-14
 4.75225409e-14 1.23839720e-13 4.41352963e-14 4.63383574e-14
 3.16213538e-14 4.70496865e-14 4.70540549e-14 3.26608015e-14
 1.22506624e-13 4.71443647e-14 4.59860593e-14 4.72202314e-14
 4.70496865e-14 3.16213538e-14 4.64349865e-14 4.50147957e-14
 3.36969458e-14 4.72202314e-14 1.42329805e-13 5.17539547e-14
 4.68250618e-14 4.80794769e-14 3.24879839e-14 1.13779538e-13
 4.50147957e-14 1.02861785e-13 1.23839720e-13 5.36644838e-14
 4.64349865e-14 3.26608015e-14 1.11658433e-13 4.75225409e-14
 4.85475203e-14 5.01864636e-03 5.15521761e-03 9.44953387e-14
 4.76324735e-14 4.68250618e-14 4.59826815e-14 9.19573747e-14
 4.03693298e-02 4.63383574e-14 9.38759226e-04 3.07443707e-02
 5.26114068e-14 1.53739172e-03 9.10580927e-14 1.00888116e-13
 9.19573747e-14 4.85440923e-14 5.26596362e-14 1.23839720e-13
 4.70608459e-14 4.55811200e-14 1.22873493e-03 4.50147957e-14
 1.00888116e-13 9.63597778e-14 4.69485702e-14 4.70608459e-14
 3.07443721e-02 5.03648972e-14 4.72202314e-14 4.69485702e-14
 4.64349865e-14 8.63998252e-14 4.85475203e-14 4.76291541e-14
 9.03994363e-14 4.85440923e-14 1.16151016e-13 4.72202314e-14
 4.57583852e-14 4.64349865e-14 3.15716218e-14 3.92532255e-14
 4.88250535e-14 5.68391465e-14 3.36969458e-14 4.64899722e-14
 4.76291541e-14 3.15289158e-14 4.73787146e-14 4.70496865e-14
 4.99207373e-14 1.42329805e-13 1.42329805e-13 4.89739151e-14
 4.63383574e-14 4.76291541e-14 1.53739187e-03 5.03648972e-14
 1.02277441e-13 1.59026300e-13 4.85475203e-14 1.09529211e-13
 4.85475203e-14 4.70496865e-14 4.68250618e-14 4.64899722e-14
 4.76291541e-14 4.68250618e-14 4.63383574e-14 4.70702281e-03
 3.94357603e-02 3.92532255e-14 4.85475203e-14 2.76125778e-14
 4.64349865e-14 2.25891480e-03 4.85475203e-14 9.22046786e-04
 1.13414995e-13 4.89332898e-14 4.70608459e-14 4.70608459e-14
 1.24913804e-13 1.35473113e-13 4.80794769e-14 1.23839720e-13
 5.11596123e-14 4.76324735e-14 5.26596362e-14 4.75225409e-14
 4.03693305e-02 4.85475203e-14 8.91149527e-14 4.85288550e-14
 4.99207373e-14 3.92532255e-14 6.37166099e-14 4.64349865e-14
 9.22046716e-04 1.17541025e-01 5.02799831e-14 4.55811200e-14
 4.63383574e-14 4.63383574e-14 4.76291541e-14 3.54360240e-14
 1.24913804e-13 3.07443715e-02 2.49432605e-14 6.42806495e-14
 2.49432605e-14 1.22506624e-13 6.06194749e-14 1.00888116e-13
 1.60969049e-13 2.24831093e-03 5.51109434e-14 4.50147957e-14
 1.00888116e-13 1.35473113e-13 4.75225409e-14 4.68250618e-14
 4.59860593e-14 1.42329805e-13 4.41352963e-14 1.23839720e-13
 4.88250535e-14 4.88250535e-14 5.11596123e-14 4.67645084e-14
 3.24879839e-14 4.59860593e-14 4.72202314e-14 4.70608459e-14
 4.76324735e-14 3.92532255e-14 4.72202314e-14 4.35628033e-14
 1.09529211e-13 5.03648972e-14 4.59860593e-14 4.76324735e-14
 3.26608015e-14 1.63883469e-13 1.23771052e-01 1.23839720e-13
 5.02799831e-14 9.31870575e-14 4.76324735e-14 3.54360240e-14
 4.57583852e-14 4.76324735e-14 1.03784731e-13 9.03994363e-14
 4.69485702e-14 9.44953387e-14 4.70608459e-14 1.16151016e-13
 4.76324735e-14 9.38759319e-04 9.10580927e-14 9.44953387e-14
 4.57583852e-14 3.36969458e-14 1.00888116e-13 4.88750817e-14
 1.11658433e-13 4.41352963e-14 1.53739158e-03 4.58215568e-14
 4.89739151e-14 1.11658433e-13 3.95634962e-14 4.57583852e-14
 4.72202314e-14 4.70702323e-03 4.80794769e-14 4.88750817e-14
 4.50147957e-14 4.73787146e-14 9.76570831e-14 7.26869782e-14
 4.85475203e-14 4.70608459e-14 4.89332898e-14 4.64899722e-14
 4.70608459e-14 3.40897893e-14 4.80794769e-14 4.85288550e-14
 3.16213538e-14 1.23839720e-13 1.02861785e-13 1.35473113e-13
 1.22506624e-13 4.69485702e-14 4.70608459e-14 4.70608459e-14
 4.68250618e-14 3.00903226e-14 1.16151016e-13 4.22512447e-14
 3.36969458e-14 4.69214450e-14 4.68250618e-14 4.68250618e-14
 4.64349865e-14 1.02861785e-13 3.36969458e-14 6.37166099e-14
 1.23771052e-01 4.54451498e-14 4.70540549e-14 1.22506624e-13
 4.50147957e-14 4.59860593e-14 5.36644838e-14 4.72202314e-14
 3.15716218e-14 9.34903179e-14 4.41352963e-14 1.02861785e-13
 9.44953387e-14 4.70496865e-14 4.89332898e-14 6.06194749e-14
 4.15281520e-03 4.41352963e-14 3.66859396e-14 4.55811200e-14
 9.03994363e-14 4.68250618e-14 5.68391465e-14 4.36398432e-14
 1.02861785e-13 8.91149527e-14 1.63883469e-13 1.59026300e-13
 4.80794769e-14 4.35628033e-14 4.58215568e-14 1.15185922e-13
 1.15185922e-13 2.36532314e-03 4.76291541e-14 3.16213538e-14
 4.70496865e-14 4.64349865e-14 4.99207373e-14 5.29504505e-14
 2.35411449e-14 4.85288550e-14 8.63998252e-14 5.26114068e-14
 4.55811200e-14 4.36398432e-14 5.01864645e-03 1.02861785e-13
 4.63383574e-14 3.92532255e-14 4.55811200e-14 4.70608459e-14
 4.55811200e-14 3.40897893e-14 4.55811200e-14 1.59026300e-13
 8.91149527e-14 5.04037593e-14 4.36398432e-14 4.50147957e-14
 2.25891462e-03 4.68250618e-14 4.70496865e-14 1.09529211e-13
 4.68250618e-14 4.76324735e-14 4.80478694e-14 4.70608459e-14
 3.00903226e-14 9.19573747e-14 6.06194749e-14 4.70702217e-03
 1.53739177e-03 4.70702174e-03 4.50147957e-14 4.61364234e-03
 9.71137147e-14 4.35628033e-14 4.76291541e-14 5.26596362e-14
 3.00903226e-14 2.31675429e-03 4.89332898e-14 4.88750817e-14
 4.73787146e-14 4.59826815e-14 9.10580927e-14 7.99305717e-04
 4.63383574e-14 1.22873515e-03 4.50147957e-14 9.76570831e-14
 4.63383574e-14 1.23839720e-13 1.22506624e-13 4.70608459e-14
 4.83611611e-03 4.85288550e-14 6.06194749e-14 5.04037593e-14
 4.70496865e-14 6.06194749e-14 8.91149527e-14 1.02277441e-13
 4.89739151e-14 5.54723255e-14 1.53739178e-03 4.83611676e-03
 2.24831098e-03 1.02277441e-13 1.13779538e-13 1.23839720e-13
 4.88250535e-14 7.26869782e-14 1.02861785e-13 3.92532255e-14
 4.68250618e-14 3.16213538e-14 4.70496865e-14 1.42329805e-13
 3.03298649e-14 4.22512447e-14 4.70608459e-14 7.99305742e-04
 4.54451498e-14 4.63383574e-14 4.61364267e-03 4.61364161e-03
 3.36969458e-14 2.36532288e-03 2.36532299e-03 4.99207373e-14
 4.72202314e-14 4.73787146e-14 4.76324735e-14 4.70608459e-14
 4.41352963e-14 4.64349865e-14 2.55315892e-03 6.61283235e-14
 3.15716218e-14 9.31870575e-14 4.54451498e-14 1.17541025e-01
 4.73787146e-14 9.63597778e-14 5.68391465e-14 1.00888116e-13
 1.13779538e-13 4.63383574e-14 4.68250618e-14 4.61364242e-03
 3.36969458e-14 3.36969458e-14 3.92532255e-14 1.11658433e-13
 3.15716218e-14 5.10166493e-14 4.68250618e-14 1.09482817e-13
 4.76324735e-14 4.03693295e-02 4.59860593e-14 4.80478694e-14
 3.36969458e-14 4.70608459e-14 1.23839720e-13 9.45618202e-14
 4.88570421e-14 1.02277441e-13 4.41352963e-14 4.70496865e-14
 4.69485702e-14 9.44953387e-14 5.76373728e-14 4.70496865e-14
 1.13414995e-13 9.31870575e-14 9.45618202e-14 4.76291541e-14
 9.38759300e-04 1.42329805e-13 4.41352963e-14 3.16213538e-14
 3.18960134e-14 2.73843475e-02 3.07443700e-02 9.44953387e-14
 4.80794769e-14 4.73787146e-14 2.71718610e-14 4.64349865e-14
 4.64349865e-14 4.64349865e-14 4.68250618e-14 3.36969458e-14
 9.76570831e-14 2.35411449e-14 5.01904430e-14 4.54451498e-14
 4.70496865e-14 4.77043195e-14 4.68250618e-14 2.71718610e-14
 4.63383574e-14 9.44953387e-14 5.01864680e-03 2.24831142e-03
 4.83611579e-03 8.91149527e-14 9.71387568e-02 3.03298649e-14
 9.71137147e-14 3.16213538e-14 4.76324735e-14 4.64349865e-14
 1.24913804e-13 4.59826815e-14 5.01864697e-03 1.04549511e-13
 1.63883469e-13 2.31675434e-03 4.63383574e-14 3.15289158e-14
 4.64349865e-14 5.03648972e-14 4.73787146e-14 1.16151016e-13
 5.03648972e-14 3.94357613e-02 4.55982347e-14 1.10703355e-03
 9.76570831e-14 4.55811200e-14 4.76291541e-14 4.59860593e-14
 3.66859396e-14 4.70496865e-14 4.68250618e-14 1.09482817e-13
 9.44953387e-14 1.15185922e-13 2.30086771e-02 5.03648972e-14
 2.73843480e-02 9.76570831e-14 4.72202314e-14 1.22873507e-03
 8.63998252e-14 9.34903179e-14 1.13414995e-13 5.11596123e-14
 4.73787146e-14 4.63383574e-14 9.10580927e-14 4.54451498e-14
 4.88750817e-14 2.71718610e-14 4.76291541e-14 9.44953387e-14
 4.71443647e-14 4.70540549e-14 4.77043195e-14 4.85288550e-14
 9.44953387e-14 4.03693311e-02 4.80794769e-14 1.00089580e-13
 4.70608459e-14 5.03648972e-14 3.36969458e-14 3.18960134e-14
 4.55811200e-14 5.26596362e-14 1.59026300e-13 4.50147957e-14
 4.59860593e-14 2.24766585e-03 8.63998252e-14 4.72202314e-14
 4.72202314e-14 1.23771053e-01 1.02861785e-13 9.45618202e-14
 4.41352963e-14 4.88250535e-14 4.99207373e-14 4.68250618e-14
 7.26869782e-14 3.36969458e-14 1.23839720e-13 4.68250618e-14
 1.59026300e-13 8.91149527e-14 4.41352963e-14 4.80794769e-14
 3.16213538e-14 4.68250618e-14 1.00888116e-13 4.50386718e-14
 9.76570831e-14 3.54360240e-14 4.63383574e-14 3.16213538e-14
 5.11596123e-14 4.55811200e-14 4.76291541e-14 4.57583852e-14
 1.00888116e-13 4.41352963e-14 4.89332898e-14 5.26114068e-14
 1.23839720e-13 6.61283235e-14 4.85475203e-14 9.03994363e-14
 4.88750817e-14 3.92532255e-14 4.80794769e-14 4.76291541e-14
 4.71596837e-14 1.15185922e-13 4.63383574e-14 3.15289158e-14
 4.88750817e-14 1.04549511e-13 4.80794769e-14 4.59860593e-14
 4.99207373e-14 6.37166099e-14 1.09529211e-13 4.68250618e-14
 3.36969458e-14 5.26596362e-14 3.94357616e-02 4.69485702e-14
 4.76324735e-14 4.55982347e-14 1.13414995e-13 1.00089580e-13
 9.03994363e-14 4.57583852e-14 4.55811200e-14 2.48408803e-14
 4.03693297e-02 2.36532334e-03 2.48408803e-14 4.63383574e-14
 4.57583852e-14 2.76125778e-14 5.10166493e-14 3.94357607e-02
 2.41794137e-03 3.36969458e-14 1.13779538e-13 4.72202314e-14
 3.15289158e-14 4.50147957e-14 4.15281501e-03 4.80794769e-14
 8.91149527e-14 4.55811200e-14 6.37166099e-14 6.03386727e-14
 4.57583852e-14 3.92532255e-14 4.71596837e-14 1.22873503e-03
 5.15521829e-03 2.24831134e-03 4.03693287e-02 4.73787146e-14
 4.76324735e-14 4.68250618e-14 5.03648972e-14 4.57583852e-14
 3.92532255e-14 4.88750817e-14 9.44953387e-14 4.70496865e-14
 1.24913804e-13 1.63883469e-13 9.45618202e-14 1.10703357e-03
 4.88750817e-14 9.44953387e-14 4.67645084e-14 4.70608459e-14
 1.37627208e-01 2.31675401e-03 6.06194749e-14 5.76373728e-14
 5.10166493e-14 4.70608459e-14 1.02277441e-13 4.72202314e-14
 7.99305590e-04 1.45941668e-13 3.00903226e-14 5.01864628e-03
 3.66859396e-14 4.50147957e-14 4.72202314e-14 4.70496865e-14
 1.09529211e-13 1.02861785e-13 1.53739168e-03 5.76373728e-14
 4.68250618e-14 4.68250618e-14 3.92532255e-14 4.36398432e-14
 4.76291541e-14 4.54451498e-14 9.71387573e-02 3.18960134e-14
 1.15185922e-13 4.70702283e-03 4.63383574e-14 4.55811200e-14
 4.63383574e-14 3.92532255e-14 4.88750817e-14 4.85475203e-14
 4.35628033e-14 9.63597778e-14 5.01864714e-03 4.76324735e-14
 4.70496865e-14 4.70608459e-14 4.59860593e-14 4.76291541e-14
 8.63998252e-14 6.06194749e-14 4.03693300e-02 4.35628033e-14
 4.50147957e-14 2.71718610e-14 4.68250618e-14 1.35473113e-13
 9.34903179e-14 5.54723255e-14 4.76291541e-14 4.69214450e-14
 3.18960134e-14 9.03994363e-14 4.59860593e-14 1.15185922e-13
 3.92532255e-14 4.68250618e-14 4.50147957e-14 1.02277441e-13
 1.23771053e-01 3.18960134e-14 4.70496865e-14 1.02861785e-13
 1.10703362e-03 4.71443647e-14 4.69485702e-14 4.36398432e-14
 2.36532263e-03 4.80794769e-14 4.80478694e-14 4.59860593e-14
 2.41794101e-03 9.03994363e-14 4.55811200e-14 8.91149527e-14
 6.61283235e-14 4.63383574e-14 1.23839720e-13 1.15185922e-13
 4.64349865e-14 4.85440923e-14 4.64349865e-14 1.22506624e-13
 4.41352963e-14 1.15185922e-13 4.70608459e-14 4.59826815e-14
 1.35473113e-13 4.76324735e-14 4.89332898e-14 1.09529211e-13
 2.49432605e-14 2.25891507e-03 1.15185922e-13 4.85475203e-14
 4.64349865e-14 4.83611436e-03 1.02861785e-13 5.26596362e-14
 1.03784731e-13 3.26608015e-14 1.13414995e-13 4.69214450e-14
 5.03648972e-14 3.26608015e-14 4.03693284e-02 9.76570831e-14
 1.22873510e-03 2.71718610e-14 5.11596123e-14 2.48408803e-14
 4.88250535e-14 5.02799831e-14 4.73787146e-14 3.26608015e-14
 4.68250618e-14 1.02277441e-13 9.22046739e-04 4.35628033e-14
 5.02799831e-14 5.26596362e-14 9.34903179e-14 5.76373728e-14
 4.55982347e-14 7.26869782e-14 1.00888116e-13 7.26869782e-14
 2.30086761e-02 4.70702260e-03 1.09482817e-13 4.88750817e-14
 4.88750817e-14 1.22873511e-03 9.10580927e-14 4.50147957e-14
 1.13779538e-13 4.76324735e-14 9.34903179e-14 5.76373728e-14
 4.88750817e-14 4.67645084e-14 4.59860593e-14 9.63597778e-14
 4.22512447e-14 4.88750817e-14 4.57583852e-14 4.57583852e-14
 9.63597778e-14 4.70496865e-14 4.41352963e-14 3.36412235e-13
 1.23839720e-13 4.69214450e-14 5.03648972e-14 3.15716218e-14
 3.15289158e-14 4.63383574e-14 3.66859396e-14 8.63998252e-14
 5.11596123e-14 4.80794769e-14 1.10703355e-03 4.83611519e-03
 4.72202314e-14 4.88570421e-14 5.76373728e-14 5.51109434e-14
 4.76291541e-14 4.61364146e-03 3.18960134e-14 4.70608459e-14
 4.50147957e-14 4.72202314e-14 5.04037593e-14 4.63383574e-14
 4.67645084e-14 1.22873514e-03 4.80794769e-14 4.41352963e-14
 1.02861785e-13 4.63383574e-14 1.42329805e-13 4.50147957e-14
 4.88250535e-14 1.22873502e-03 4.63383574e-14 4.70496865e-14
 4.80794769e-14 4.69485702e-14 1.11658433e-13 4.76324735e-14
 3.47369350e-14 1.02861785e-13 4.64349865e-14 5.58575101e-14
 4.88570421e-14 4.55982347e-14 4.55982347e-14 1.13779538e-13
 1.59026300e-13 4.70496865e-14 3.66859396e-14 4.63383574e-14
 4.70496865e-14 4.64349865e-14 1.22506624e-13 3.95634962e-14
 4.35628033e-14 4.35628033e-14 5.26114068e-14 4.57583852e-14
 2.96049571e-14 9.19573747e-14 4.59860593e-14 9.03994363e-14
 4.57583852e-14 4.88250535e-14 1.16151016e-13 4.63383574e-14
 6.06194749e-14 1.02277441e-13 1.02277441e-13 3.54360240e-14
 4.69485702e-14 4.80794769e-14 2.30086764e-02 4.59860593e-14
 6.06194749e-14 5.10462319e-14 4.22512447e-14 4.50147957e-14
 3.15716218e-14 4.64349865e-14 3.94357606e-02 3.92532255e-14
 5.58575101e-14 4.73787146e-14 4.73787146e-14 9.19573747e-14
 4.61364199e-03 4.63383574e-14 4.72202314e-14 4.69485702e-14
 1.23839720e-13 4.69485702e-14 4.88750817e-14 3.18960134e-14
 1.45941668e-13 4.99207373e-14 4.80478694e-14 9.63597778e-14
 9.71137147e-14 4.63383574e-14 5.10462319e-14 4.70496865e-14
 4.76324735e-14 2.73843473e-02 4.63383574e-14 9.76570831e-14
 4.85475203e-14 5.26596362e-14 1.09529211e-13 4.55982347e-14
 2.31675422e-03 7.99305655e-04 4.63383574e-14 4.15281420e-03
 1.00888116e-13 3.36969458e-14 4.69214450e-14 4.71596837e-14
 4.71596837e-14 5.26596362e-14 4.72202314e-14 4.76291541e-14
 1.42329805e-13 4.69485702e-14 4.59860593e-14 9.03994363e-14
 3.03298649e-14 4.70496865e-14 1.63883469e-13 4.68250618e-14
 4.41352963e-14 9.76570831e-14 4.67645084e-14 3.03298649e-14
 3.26608015e-14 4.69485702e-14 4.69485702e-14 4.68250618e-14
 8.91149527e-14 8.63998252e-14 9.76570831e-14 1.02861785e-13
 4.50147957e-14 3.15716218e-14 4.03693303e-02 1.22873482e-03
 9.76570831e-14 4.76291541e-14 5.17539547e-14 4.50147957e-14
 4.72202314e-14 9.38759243e-04 4.50147957e-14 9.45618202e-14
 7.26869782e-14 4.03693282e-02 1.00888116e-13 4.64349865e-14
 5.26596362e-14 1.59026300e-13 4.76324735e-14 1.35473113e-13
 4.72202314e-14 8.63998252e-14 3.24879839e-14 2.24766615e-03
 1.22506624e-13 4.80794769e-14 4.85475203e-14 5.03648972e-14
 2.71718610e-14 4.63383574e-14 4.63383574e-14 1.04549511e-13
 4.73787146e-14 1.04549511e-13 4.73787146e-14 1.68953274e-03
 4.72202314e-14 4.41352963e-14 1.53739174e-03 5.02799831e-14
 4.63383574e-14 1.11658433e-13 4.71596837e-14 4.72202314e-14
 1.23839720e-13 2.31675415e-03 9.71387581e-02 3.92532255e-14
 3.54360240e-14 1.37627210e-01 4.59860593e-14 1.23839720e-13
 4.70540549e-14 4.69485702e-14 4.76291541e-14 4.68250618e-14
 4.55811200e-14 4.36398432e-14 4.22512447e-14 1.13779538e-13
 5.03648972e-14 1.00888116e-13 1.22506624e-13 4.99207373e-14
 3.36969458e-14 1.59026300e-13 4.83611572e-03 4.55982347e-14
 3.92532255e-14 1.09529211e-13 1.22506624e-13 1.22506624e-13
 4.22512447e-14 5.03648972e-14 4.63383574e-14 1.35473113e-13
 4.73787146e-14 4.63383574e-14 1.02861785e-13 5.29504505e-14
 5.01864573e-03 4.57583852e-14 9.63597778e-14 2.55315913e-03
 4.64349865e-14 4.80794769e-14 8.63998252e-14 4.83611503e-03
 4.75225409e-14 4.85475203e-14 4.63383574e-14 4.50147957e-14
 4.50147957e-14 1.24913804e-13 4.03693284e-02 2.36532300e-03
 5.01864670e-03 4.67645084e-14 4.35628033e-14 4.69485702e-14
 1.13779538e-13 9.76570831e-14 4.76324735e-14 3.15716218e-14
 4.58215568e-14 9.10580927e-14 4.77043195e-14 4.99207373e-14
 4.72202314e-14 9.31870575e-14 4.61364310e-03 4.71443647e-14
 5.68391465e-14 8.63998252e-14 4.85475203e-14 2.48408803e-14
 5.26114068e-14 3.40897893e-14 3.15289158e-14 6.37166099e-14
 4.83611509e-03 5.04037593e-14 4.76324735e-14 4.89332898e-14
 2.30086761e-02 1.00888116e-13 8.63998252e-14 5.26596362e-14
 1.09482817e-13 1.23771052e-01 4.88750817e-14 5.10462319e-14
 4.75225409e-14 4.50386718e-14 4.50147957e-14 9.71137147e-14
 6.37166099e-14 4.76324735e-14 4.64349865e-14 9.10580927e-14
 4.99207373e-14 4.76324735e-14 1.17541025e-01 6.06194749e-14
 9.71137147e-14 9.22046792e-04 4.77043195e-14 2.41794106e-03
 4.55811200e-14 9.71137147e-14 4.03693291e-02 2.36532340e-03
 1.02861785e-13 3.92532255e-14 5.03648972e-14 5.03648972e-14
 5.15521801e-03 4.50147957e-14 7.26869782e-14 1.68953212e-03
 4.70608459e-14 4.70496865e-14 1.63883469e-13 4.70608459e-14
 9.38759208e-04 4.50147957e-14 4.69214450e-14 4.80794769e-14
 4.03693292e-02 4.76324735e-14 5.36644838e-14 1.15185922e-13
 1.22873493e-03 4.50147957e-14 5.01904430e-14 5.26596362e-14
 4.64349865e-14 1.02277441e-13 1.13779538e-13 3.92532255e-14
 4.68250618e-14 1.53739136e-03 4.85475203e-14 4.50147957e-14
 3.24879839e-14 4.85475203e-14 4.68250618e-14 9.03994363e-14
 4.70540549e-14 3.47369350e-14 2.76068194e-14 6.61283235e-14
 4.80794769e-14 9.76570831e-14 4.55811200e-14 4.41352963e-14
 3.92532255e-14 6.17304397e-14 9.63597778e-14 4.68250618e-14
 6.17304397e-14 3.15289158e-14 2.49432605e-14 5.01904430e-14
 5.10166493e-14 6.03386727e-14 4.36398432e-14 1.00888116e-13
 4.70608459e-14 4.85475203e-14 5.26596362e-14 4.68250618e-14
 7.26869782e-14 7.26869782e-14 3.92532255e-14 4.67645084e-14
 5.11596123e-14 3.36969458e-14 5.02799831e-14 4.63383574e-14
 4.15281519e-03 3.07443715e-02 9.63597778e-14 3.92532255e-14
 4.69214450e-14 5.02799831e-14 5.26114068e-14 1.03784731e-13
 1.11658433e-13 4.69485702e-14 5.01864585e-03 4.89332898e-14
 4.72202314e-14 4.88250535e-14 4.47922574e-14 1.02861785e-13
 6.06194749e-14 5.26596362e-14 5.76373728e-14 4.69485702e-14
 1.35473113e-13 9.63597778e-14 4.70608459e-14 3.36969458e-14
 4.54451498e-14 4.41352963e-14 4.85288550e-14 4.75225409e-14
 4.76324735e-14 4.68250618e-14 1.02277441e-13 1.00089580e-13
 1.22506624e-13 2.24831133e-03 1.22506624e-13 3.94357604e-02
 5.26114068e-14 4.64349865e-14 1.17541027e-01 2.36532317e-03
 3.26608015e-14 3.92532255e-14 3.16213538e-14 1.45941668e-13
 8.63998252e-14 4.85288550e-14 4.63383574e-14 9.44953387e-14
 1.15185922e-13 1.02861785e-13 4.64349865e-14 4.63383574e-14
 2.48408803e-14 7.99305657e-04 2.76068194e-14 4.72202314e-14
 3.00903226e-14 4.70496865e-14 4.50147957e-14 4.76291541e-14
 1.23839720e-13 3.18960134e-14 5.03648972e-14 3.54360240e-14
 4.88750817e-14 5.04037593e-14 5.36644838e-14 4.59860593e-14
 5.76373728e-14 4.70496865e-14 4.22512447e-14 4.76291541e-14
 9.34903179e-14 3.36969458e-14 3.07443715e-02 4.67645084e-14
 4.58215568e-14 9.31870575e-14 4.50147957e-14 4.76324735e-14
 2.24831099e-03 5.26596362e-14 2.71718610e-14 4.83611571e-03
 4.70608459e-14 1.00888116e-13 4.73787146e-14 4.88250535e-14
 4.54451498e-14 3.40897893e-14 3.36969458e-14 4.70496865e-14
 7.99305818e-04 3.94357610e-02 1.23771053e-01 1.22506624e-13
 3.92532255e-14 4.63383574e-14 1.59026300e-13 9.03994363e-14
 4.64349865e-14 1.63883469e-13 9.71137147e-14 3.16213538e-14
 3.07443730e-02 1.42329805e-13 4.63383574e-14 2.55315955e-03
 9.03994363e-14 5.10462319e-14 4.76324735e-14 4.68250618e-14
 4.76291541e-14 2.71718610e-14 3.36969458e-14 4.68250618e-14
 8.63998252e-14 4.80794769e-14 1.23839720e-13 1.23839720e-13
 4.50386718e-14 4.71443647e-14 4.63383574e-14 7.99305685e-04
 4.70496865e-14 4.68250618e-14 4.88570421e-14 4.88250535e-14
 4.59826815e-14 1.11658433e-13 4.50147957e-14 9.44953387e-14
 4.70608459e-14 4.57583852e-14 2.30086766e-02 4.50147957e-14
 2.55315942e-03 4.59860593e-14 3.24879839e-14 4.85475203e-14
 1.02277441e-13 5.17539547e-14 4.63383574e-14 4.67645084e-14
 9.22046749e-04 6.06194749e-14 1.13779538e-13 1.02861785e-13
 3.94357619e-02]DUAL OVER
