
The optimal value is 17.99999999948221
A solution y is [ 1.   -1.    1.    1.    0.75  1.    1.    0.75  1.    1.   -1.   -2.25
  1.    1.    1.    1.    1.    1.   -2.25  1.   -1.    1.    1.    0.75
  1.   -2.25 -1.   -2.25 -1.    1.    0.75  0.75  1.   -1.    0.75  1.
  1.    1.    1.    1.    1.    1.    1.    0.75  1.    0.75  1.   -1.
 -1.  ]
0, 0.9999999999929163
1, -0.9999999996666719
2, 0.9999999999929163
3, 0.9999999999929163
4, 0.7500000013296594
5, 0.9999999999929163
6, 1.0000000000044207
7, 0.7499999977277202
8, 1.0000000000044207
9, 0.9999999999929163
10, -0.9999999996666692
11, -2.2500000005263914
12, 1.0000000000044211
13, 0.9999999999929163
14, 0.9999999999895922
15, 1.0000000000044207
16, 1.0000000000044207
17, 1.0000000000016631
18, -2.2500000014510424
19, 0.9999999999929163
20, -1.0000000005150795
21, 0.9999999999929163
22, 0.9999999999929163
23, 0.7500000022632148
24, 1.0000000000044207
25, -2.24999999836291
26, -1.0000000005150853
27, -2.2499999996146327
28, -1.0000000005150806
29, 0.9999999999929163
30, 0.7500000003428672
31, 0.7499999998072758
32, 0.9999999999929163
33, -0.9999999996666743
34, 0.749999999668892
35, 0.9999999999929163
36, 0.9999999999895922
37, 0.9999999999895922
38, 0.9999999999929163
39, 0.9999999999929163
40, 0.9999999999929163
41, 1.0000000000044211
42, 1.0000000000044207
43, 0.7499999985773368
44, 0.9999999999895922
45, 0.7500000005651867
46, 0.9999999999929163
47, -0.9999999996666769
48, -1.000000000515086
DUAL
[1.06136266e-01 3.34277082e-11 1.43863739e-01 3.34277130e-11
 3.34277144e-11 1.06136261e-01 3.34277119e-11 2.92629410e-11
 3.34277115e-11 2.92629405e-11 3.34277141e-11 1.06136261e-01
 1.43863734e-01 3.34277126e-11 1.06136266e-01 3.34277086e-11
 1.96931869e-01 2.72449988e-11 2.72450024e-11 4.61586557e-11
 1.96931869e-01 2.72450015e-11 2.50000001e-01 4.61586522e-11
 2.50000001e-01 2.72450036e-11 1.96931869e-01 1.45523071e-11
 4.61586537e-11 1.96931869e-01 4.61586476e-11 1.96931865e-01
 4.61586476e-11 1.45523071e-11 4.61586537e-11 2.72450036e-11
 1.96931869e-01 4.61586522e-11 2.49999999e-01 2.72450015e-11
 2.49999999e-01 4.61586557e-11 1.96931869e-01 2.72450024e-11
 1.96931865e-01 2.72449988e-11 5.00000000e-01 1.10521042e-11
 5.00000000e-01 5.00000000e-01 1.33281597e-10 5.00000000e-01
 5.53068131e-01 1.33281545e-10 5.53068130e-01 5.00000000e-01
 1.10521042e-11 1.98061876e-11 5.53068136e-01 5.00000000e-01
 5.00000000e-01 5.53068131e-01 5.53068130e-01 2.87727472e-01
 1.98061874e-11 5.00000000e-01 1.10521042e-11 5.00000000e-01
 5.00000000e-01 1.33281606e-10 5.53068131e-01 1.98061878e-11
 1.10521042e-11 1.98061877e-11 1.10521042e-11 5.00000000e-01
 1.33281590e-10 1.33281568e-10 5.00000000e-01 1.10521042e-11
 1.33281566e-10 5.00000000e-01 5.00000000e-01 5.00000000e-01
 5.00000000e-01 5.00000000e-01 5.00000000e-01 5.53068136e-01
 5.53068131e-01 1.33281560e-10 5.00000000e-01 1.33281587e-10
 5.00000000e-01 1.10521042e-11 1.10521042e-11]DUAL OVER
