1 2 4 5 6 7 <-> 14
5 <-> 10 11 14 16 17 18
2 3 4 7 9 <-> 14
2 6 <-> 11 12
4 7 8 9 <-> 14
2 4 5 8 <-> 13 14
1 2 3 <-> 14
1 2 3 5 9 <-> 14
5 8 9 <-> 17
4 5 <-> 10 11 14 16 17
1 2 6 <-> 14
5 <-> 10 11 13 14 12
5 <-> 11 13 14 12 15 16 17 18
1 2 <-> 10 14
2 5 <-> 10 11 13 12
5 <-> 10 11 13 12 15 17 18
1 2 4 8 <-> 14
1 <-> 11 13 14
5 <-> 10 11 13 15 18
2 3 <-> 14
2 <-> 10 11 14
2 3 6 8 9 <-> 14
5 <-> 10 11 13 14 12 18
1 2 <-> 10 11 13
1 2 7 8 <-> 14
5 <-> 13 15
5 7 <-> 13 14 16 17
2 4 5 6 7 8 9 <-> 14
3 5 6 8 9 <-> 15
2 <-> 13 14
1 2 <-> 11 14
5 <-> 10 11 13 14 15
4 5 <-> 10 13 16 17
4 5 7 <-> 16 17
4 5 7 8 <-> 13 14 16
2 5 <-> 11 13 12
1 2 4 6 7 8 <-> 14
1 2 3 4 5 6 8 9 <-> 14
1 2 4 5 <-> 10 13 14
5 6 8 <-> 15
5 8 <-> 15
5 <-> 10 11 15 16 17
5 6 <-> 15 17
6 8 <-> 15 17
1 2 3 4 6 7 9 <-> 14
5 <-> 11 13 14 12 15 16
5 <-> 10 11 13 14 12 16 18
4 5 <-> 16
2 3 5 6 <-> 11 14
2 3 4 6 7 8 <-> 14
1 2 5 <-> 10 11
4 5 6 7 <-> 17
3 6 7 8 <-> 14
5 8 <-> 15 18
3 <-> 12 15
1 5 7 <-> 13
1 2 3 4 6 <-> 11
1 4 7 8 9 <-> 14
4 5 6 7 8 <-> 14
2 5 <-> 11 15
5 8 <-> 14 17
1 2 6 8 <-> 14
1 4 <-> 11
5 6 <-> 12 18
2 4 8 9 <-> 14
5 7 <-> 14 16
2 6 <-> 14 12 15
5 <-> 10 11 12 15 17
5 6 9 <-> 14 15 17
2 5 <-> 10 14 12
4 6 7 <-> 14
1 2 6 <-> 11 14
3 5 8 9 <-> 14
8 <-> 14 15 16 17
4 7 <-> 13 14
6 7 8 9 <-> 14 17
5 6 <-> 11 15
5 <-> 13 14 15 17 18
1 2 3 4 8 <-> 14
8 <-> 16
6 8 9 <-> 14 15 17 18
2 3 5 6 9 <-> 15
6 8 <-> 17
5 6 <-> 17
1 2 4 5 7 <-> 13 14
1 3 5 6 8 <-> 14
1 2 6 7 9 <-> 14
1 2 <-> 10 11 14
2 <-> 10 11 13 14 12
1 2 3 6 9 <-> 14
1 4 5 6 9 <-> 14
4 5 6 9 <-> 14 17
5 <-> 10 11 14 15
1 2 3 5 6 8 <-> 14
6 7 <-> 14 17
5 <-> 11 13 14 15 16 18
2 3 5 <-> 11
6 <-> 11 12 18
5 7 8 <-> 13 16
5 <-> 15 18
1 3 4 6 7 8 9 <-> 14
1 2 4 6 <-> 14
3 6 <-> 14 15
1 2 5 7 8 9 <-> 14
7 <-> 13
2 3 4 5 6 8 9 <-> 14
5 <-> 14 12 15 16 18
1 2 5 6 9 <-> 14
1 3 4 <-> 14
2 3 4 5 6 <-> 11 14
5 8 <-> 13 14
8 9 <-> 15 17 18
2 4 <-> 10 11 13
5 6 9 <-> 17
5 8 <-> 13 14 17
2 5 <-> 10 11 14 12
5 6 8 9 <-> 14 17 18
5 <-> 10 14 12 17
5 <-> 10 11 14 15 17 18
4 <-> 11 13 14 16
3 4 5 7 <-> 14
5 <-> 10 13 14 12 15
5 <-> 10 12 16 18
1 2 4 8 <-> 13 14
2 3 6 9 <-> 14
7 <-> 14 16 17
5 <-> 10 11 13 15 16 18
6 9 <-> 14
8 <-> 15 17
5 <-> 10 11 13 16 17 18
1 2 3 4 <-> 14
5 6 9 <-> 14 15 18
8 9 <-> 14 15 17
1 5 6 <-> 11
2 3 5 6 8 <-> 14 15
1 3 4 <-> 11 14
2 3 8 9 <-> 14 15
5 8 <-> 13 17 18
6 8 9 <-> 14 18
4 <-> 10 11 13 14
5 6 <-> 12 17
6 7 8 9 <-> 14
5 <-> 10 11 13 18
1 3 <-> 14
2 <-> 13 15
2 3 5 6 7 9 <-> 14
4 5 7 9 <-> 14 17
5 6 8 9 <-> 14 15
5 <-> 13
1 2 4 6 7 9 <-> 14
5 <-> 11 13 15 16
2 3 5 6 <-> 14 15
5 <-> 10 17
2 <-> 13 12 15
6 <-> 12 17 18
5 <-> 10 13 14
2 3 <-> 12
2 5 8 <-> 15
1 2 <-> 13
1 2 4 5 6 <-> 14
5 <-> 13 14
5 7 8 <-> 14 16
2 3 <-> 11 14 12 15
2 4 5 6 7 9 <-> 14
5 <-> 10 11 13 12 15 17
2 4 <-> 10 11 13 14
3 5 6 9 <-> 15
5 <-> 10 11 13 14 12 16 17
1 6 <-> 14
5 6 9 <-> 17 18
4 5 6 8 9 <-> 14 17
6 <-> 11 14 15 18
5 <-> 10 11 14 12 15 16
2 4 <-> 11 13 14
2 <-> 11 13 14
4 7 8 <-> 13
4 6 7 8 <-> 14 17
2 5 <-> 13 14 12
5 6 <-> 11 12 15
6 <-> 14 12 15 18
1 2 3 5 6 <-> 11
1 4 5 6 7 <-> 14
5 6 <-> 11 12 17 18
1 2 4 <-> 13 14
5 6 <-> 14 12 15
5 6 <-> 11 15 17
3 4 6 7 9 <-> 14
8 <-> 14 15
2 3 4 5 7 9 <-> 14
5 <-> 10 14 16 17
1 2 3 6 <-> 11
2 <-> 11 13 15
5 8 <-> 16
2 <-> 10 13 14 15
5 <-> 13 15 18
5 7 <-> 13 17
6 <-> 11 14 12 18
5 <-> 11 17 18
1 3 4 6 <-> 11
2 3 5 6 7 <-> 14
1 2 5 8 9 <-> 14
5 <-> 11 13 17
4 5 7 8 <-> 13 17
2 5 <-> 14 12 15
7 8 <-> 13 14
6 8 <-> 15 17 18
4 5 <-> 10 11 13 14 17
5 <-> 12 15 16 17 18
4 5 7 <-> 14 16
2 4 7 <-> 13
5 6 <-> 11 14 12 15 18
5 6 <-> 11 14 15 18
5 8 <-> 15 16 17
6 <-> 12 18
1 2 4 5 <-> 10 11 14
5 6 <-> 11 15 18
2 <-> 10 12 15
1 6 <-> 11
2 <-> 10 13 14
6 8 <-> 14 15
6 8 9 <-> 14 15
5 <-> 13 12 15 17
2 3 5 6 <-> 12
2 3 4 5 6 7 8 <-> 14
5 <-> 10 12 15 17
6 8 <-> 15
2 5 6 <-> 14 15
5 <-> 10 11 13 14 15 16
4 5 8 <-> 14 16
1 4 5 <-> 10 11 14
5 <-> 16
1 2 <-> 13 14
4 5 <-> 11 17
4 5 6 <-> 14 17
1 3 4 5 6 7 8 <-> 14
5 <-> 10 11 12 17
5 <-> 10 16 17
2 3 <-> 11 14 15
5 8 9 <-> 14 15 18
1 3 4 5 6 9 <-> 14
1 3 4 5 <-> 11
1 2 6 <-> 11
4 5 <-> 11 13
7 <-> 13 14 16
5 9 <-> 14 17 18
1 8 <-> 13 14
2 5 9 <-> 15
1 3 5 7 8 <-> 14
1 2 5 7 8 <-> 13 14
2 6 <-> 11
6 7 8 9 <-> 17
5 8 <-> 14 16 17 18
1 2 4 <-> 11 13
2 5 <-> 10 11 13 14
5 6 <-> 11 12 15 17
1 2 5 6 8 9 <-> 14
2 6 7 9 <-> 14
3 4 5 6 7 9 <-> 14
2 3 5 6 8 9 <-> 14 15
5 <-> 10 11 14 12 16 17
5 <-> 11 13 14 15 17 18
5 7 8 <-> 13
1 3 4 6 7 9 <-> 14
2 3 6 <-> 11 14 15
6 7 <-> 14
5 <-> 10 11
5 8 <-> 14 15 18
5 8 <-> 17
7 <-> 13 14 16 17
4 6 8 9 <-> 17
4 5 <-> 11 13 14 17
4 8 <-> 13 14 17
1 2 5 <-> 11 14
1 2 4 7 9 <-> 14
4 <-> 11
5 <-> 10 12 16
4 <-> 10 11
2 4 7 <-> 13 14
4 7 <-> 13 14 16
2 5 7 9 <-> 14
4 5 7 8 <-> 13 16 17
1 2 4 5 8 <-> 14
2 3 4 5 7 <-> 14
4 6 <-> 11
5 6 8 <-> 14 17
7 <-> 13 14 17
5 6 <-> 11 17 18
2 <-> 11 15
2 3 4 5 8 <-> 14
1 2 3 5 6 7 <-> 14
1 3 5 6 7 9 <-> 14
1 4 5 <-> 10 11
4 5 <-> 11 14
2 5 <-> 11 14 15
4 7 <-> 13 17
5 <-> 11 13 12 15 18
6 9 <-> 14 17
5 <-> 10 14 12 15
5 <-> 11 12 15 16 17
4 <-> 10 11 13 16 17
6 8 <-> 14 17 18
3 6 <-> 15
1 2 3 5 <-> 14
5 <-> 10 15 16 18
2 3 6 <-> 11 12
5 6 9 <-> 15 18
2 4 5 <-> 10 11
8 9 <-> 14 15
9 <-> 14
8 <-> 15 16 17
3 6 <-> 12
3 5 <-> 15
4 5 <-> 10 16 17
5 6 <-> 11 14 17 18
2 4 5 <-> 11 13 14
5 <-> 17
2 5 6 <-> 14 12 15
3 6 <-> 11
5 7 <-> 14 17
4 5 <-> 13 14
5 <-> 12 15 18
5 <-> 10 14 12 16 18
1 4 5 7 <-> 13 14
2 <-> 10 13 12 15
2 4 5 8 <-> 14
1 3 4 8 9 <-> 14
4 8 <-> 13 16
2 4 <-> 13 14
4 8 <-> 16 17
4 8 <-> 14 17
5 6 7 <-> 17
2 5 <-> 10 13
5 <-> 10 13 14 15 17 18
2 4 7 9 <-> 14
2 <-> 11 14 12 15
5 8 <-> 13 14 16 18
8 <-> 15 16
6 8 9 <-> 17 18
2 5 6 9 <-> 14
5 8 <-> 14 15
1 4 5 <-> 13 14
2 3 5 <-> 11 12
2 4 5 <-> 10 11 13 14
5 6 <-> 11 14 17
5 7 <-> 13
8 <-> 13 14 18
4 5 8 <-> 13 14 17
1 2 3 4 5 6 7 8 9 <-> 14
3 5 6 <-> 11 14 12
5 <-> 10 11 13 12 17 18
5 6 <-> 12 17 18
2 3 <-> 14 12 15
4 5 8 <-> 16
1 2 5 7 8 <-> 14
2 <-> 10 11 13 12
5 <-> 12 16
1 2 7 8 <-> 13
1 4 5 <-> 10 14
5 <-> 11 14 12 16 17 18
1 2 4 <-> 10 14
1 4 5 <-> 11
2 5 9 <-> 14
5 <-> 11 14 12 15 16 18
6 <-> 11 14 12 15 17
1 3 4 5 6 <-> 11
6 <-> 11 14 12
2 3 5 8 9 <-> 14
4 <-> 10 13 14 16 17
2 3 6 8 9 <-> 15
2 6 7 8 9 <-> 14
2 <-> 10 14 15
4 5 <-> 10 14 16 17
5 <-> 10 11 13 14 12 15
4 <-> 10 11 13 16
2 5 6 <-> 11 12
5 <-> 10 14 15
1 6 7 9 <-> 14
4 5 6 8 9 <-> 17
2 5 <-> 10 11 14 12 15
3 5 6 8 <-> 14 15
7 <-> 16 17
2 3 6 <-> 14 12 15
7 8 <-> 16
5 8 <-> 13 14 16 17
3 5 6 7 8 <-> 14
2 5 <-> 13 14 15
5 <-> 10 11 16 17 18
3 4 5 <-> 11
1 5 <-> 10 11 14
6 <-> 11 14 12 17
1 2 5 8 <-> 14
2 3 4 6 <-> 11
5 6 9 <-> 15
6 8 9 <-> 14 17 18
3 <-> 11 12 15
1 2 5 6 7 9 <-> 14
1 2 3 4 7 8 9 <-> 14
2 9 <-> 14 15
5 8 <-> 15 16
5 <-> 13 14 12 17 18
1 4 5 8 <-> 14
4 5 <-> 10 11 13 17
2 4 5 6 7 8 <-> 14
8 9 <-> 14 18
4 5 <-> 11 13 16 17
2 3 4 8 9 <-> 14
1 2 5 <-> 13
5 6 8 9 <-> 14
5 <-> 16 18
2 4 5 8 9 <-> 14
2 5 <-> 11 12
5 <-> 10 13 12 17 18
2 4 <-> 11 13
3 9 <-> 15
5 <-> 11 12 18
1 3 4 5 <-> 11 14
5 6 8 9 <-> 15
5 <-> 10 11 12 15
2 4 7 8 <-> 14
4 5 <-> 10 13 14 16
5 <-> 11 13 14 16 17
8 <-> 14
2 3 5 6 8 <-> 14
5 <-> 11 12 15
2 5 <-> 14 15
5 <-> 10 13 15 16 17
3 4 <-> 11
2 6 7 <-> 14
4 5 <-> 10 17
4 6 7 9 <-> 14 17
4 7 8 <-> 13 16
5 <-> 14 12 15
1 3 4 5 9 <-> 14
3 4 9 <-> 14
5 8 9 <-> 15 17 18
4 5 6 7 8 <-> 14 17
2 3 5 <-> 12 15
3 5 7 <-> 14
2 4 7 8 <-> 13 14
1 2 3 8 9 <-> 14
8 <-> 14 15 16 17 18
3 5 <-> 11 12 15
4 5 <-> 10 11 13 14
2 3 5 6 <-> 11
4 5 <-> 10 11 13 16 17
5 <-> 14 12 16 18
1 2 3 4 5 8 9 <-> 14
5 6 <-> 14 15
4 <-> 17
6 <-> 15 18
5 <-> 15 16
3 4 7 8 <-> 14
3 6 <-> 11 12
6 <-> 11 14
2 3 <-> 15
5 <-> 14 16 17
4 5 <-> 11 13 14 16
2 4 7 <-> 14
4 6 8 9 <-> 14 17
6 <-> 11 14 15
4 5 <-> 10 11
5 8 <-> 16 18
5 <-> 11 14 17 18
5 <-> 10 11 14 15 17
1 7 9 <-> 14
1 2 5 8 <-> 13
2 5 8 9 <-> 14 15
1 2 4 5 7 9 <-> 14
1 3 4 6 9 <-> 14
1 2 5 7 <-> 13
5 <-> 10 11 13 12 15 18
7 8 <-> 17
2 3 6 <-> 12 15
5 <-> 10 13 14 12 15 16
1 6 7 <-> 14
5 <-> 10 15 18
2 5 <-> 11 14 12
8 <-> 13 16 17
1 5 7 8 <-> 13 14
3 5 6 <-> 14
5 <-> 15 16 17
5 <-> 10 14 15 16 18
4 8 <-> 13
5 <-> 10 11 14
5 <-> 14 15 16 18
2 4 5 <-> 10 13 14
1 4 5 7 <-> 14
5 <-> 10 11 14 12
4 <-> 11 13 14 17
4 5 <-> 17
4 5 <-> 10 11 16 17
5 <-> 10 11 13 14 18
1 <-> 10 13 14
3 6 <-> 11 14 15
5 9 <-> 17 18
4 8 <-> 13 16 17
1 2 3 9 <-> 14
5 8 <-> 14 17 18
1 2 4 7 <-> 13 14
3 5 <-> 11
5 8 <-> 14 16 17
5 <-> 10 15 17
5 <-> 10 13 15 16 18
4 6 9 <-> 17
5 <-> 13 14 15 17
3 6 <-> 11 14 12
5 6 7 9 <-> 14 17
4 8 9 <-> 14 17
2 4 5 7 8 <-> 14
5 <-> 10 11 13 15 16
4 5 7 8 <-> 13 14
1 2 3 5 7 8 <-> 14
2 3 9 <-> 15
1 3 4 6 7 8 <-> 14
1 2 4 6 <-> 11
2 3 5 6 <-> 11 15
2 4 5 <-> 10 11 13
8 <-> 13 15
5 <-> 10 13 14 12 17
5 <-> 10 11 13 14 12 15 17
1 2 <-> 10 11 13 14
5 <-> 10 11 17 18
1 4 6 8 <-> 14
8 <-> 13 14 15 17 18
2 3 4 6 <-> 11 14
6 7 9 <-> 14 17
1 5 6 8 <-> 14
5 <-> 11 14 18
5 <-> 11 13 14 12 15 16 18
2 4 6 <-> 14
5 8 <-> 13 14 16 17 18
5 <-> 11 13 14 16 17 18
5 8 <-> 13 14 18
5 6 9 <-> 14 17
2 5 <-> 10 11 14 15
3 5 6 <-> 11
4 7 <-> 14
5 8 <-> 13 14 15 16 17 18
4 7 <-> 14 16 17
5 6 <-> 12 15 18
1 2 3 5 <-> 11
4 5 8 <-> 14 16 17
5 9 <-> 14
5 <-> 10 13 14 16
5 <-> 10 13 14 12 16
2 5 6 <-> 14 12
5 <-> 14 17 18
5 <-> 11 13 12 17 18
6 8 9 <-> 14
1 3 9 <-> 14
2 3 5 6 8 9 <-> 14
2 8 <-> 13 14 15
1 5 7 8 <-> 13
2 3 5 8 <-> 15
5 6 8 <-> 18
5 6 <-> 11 14 12 15
2 3 6 9 <-> 14 15
4 5 <-> 10 13 14 16 17
4 6 8 <-> 14
4 <-> 10 11 14 16 17
5 <-> 11 15 18
1 2 <-> 11
2 3 5 8 <-> 14
7 8 <-> 14 16 17
3 4 5 <-> 11 14
5 <-> 10 16 18
5 <-> 13 12 16
5 <-> 10 11 15 16 18
5 <-> 13 14 12
5 <-> 11 13 12 15 16 17
1 4 5 6 <-> 11
2 5 <-> 11 13 14 15
5 <-> 13 12 16 17 18
2 6 <-> 14
3 5 7 8 9 <-> 14
2 5 <-> 10 11 13 15
2 4 5 7 8 <-> 13
2 5 8 9 <-> 14
3 <-> 14 15
4 5 7 8 9 <-> 14 17
5 <-> 10 11 14 16 18
5 7 9 <-> 14
1 3 5 7 8 9 <-> 14
2 <-> 11 13 14 12 15
2 <-> 10 11 15
1 5 7 9 <-> 14
5 6 7 <-> 14
2 4 6 <-> 11 14
1 2 4 5 7 <-> 13
1 4 5 6 8 9 <-> 14
4 <-> 10
5 <-> 13 14 12 16 17 18
3 5 6 <-> 11 15
4 <-> 10 11 14
2 4 <-> 10 11 14
5 6 <-> 11 12 15 17 18
3 6 8 <-> 15
4 <-> 13 14
3 6 7 9 <-> 14
1 5 <-> 10 14
4 7 <-> 13
5 <-> 10 11 14 12 17 18
4 5 6 <-> 11 14
5 7 8 <-> 13 14 16
6 7 9 <-> 14
1 2 <-> 10
4 7 8 <-> 13 14
4 5 7 9 <-> 14
4 5 <-> 11 14 16 17
4 5 7 8 <-> 13 16
1 4 7 <-> 13
5 <-> 10 15
6 8 <-> 14 15 17 18
5 6 <-> 14 15 17
2 5 6 <-> 12 15
2 5 8 <-> 13 15
1 4 5 <-> 10 11 13
2 3 4 5 9 <-> 14
1 2 4 5 <-> 11 13
8 <-> 13 14 17
4 <-> 11 14
5 <-> 11 13 12 15
5 <-> 11 12 17 18
1 2 3 6 8 <-> 14
8 <-> 13 14
4 5 6 8 9 <-> 14
1 4 8 <-> 14
6 8 <-> 18
4 <-> 10 11 13
1 2 3 8 <-> 14
5 6 <-> 11 14 12 17
4 <-> 10 11 14 17
1 2 5 <-> 10 11 13
2 <-> 10 13 14 12
5 <-> 14 12 15 17 18
2 4 5 <-> 13 14
5 7 8 <-> 13 17
6 <-> 17
1 2 4 5 8 9 <-> 14
3 4 5 6 9 <-> 14
2 3 8 9 <-> 15
2 <-> 10 11
2 5 <-> 10 14
4 5 6 9 <-> 17
3 5 9 <-> 14 15
4 5 7 <-> 14 16 17
7 <-> 13 17
5 <-> 10 13 14 12 16 17
2 <-> 10 15
5 9 <-> 14 17
5 9 <-> 17
3 4 8 <-> 14
1 2 4 5 6 7 8 9 <-> 14
6 8 9 <-> 15 17
1 5 7 <-> 14
2 <-> 14 15
8 <-> 15 16 18
5 <-> 11 13 16
4 5 6 7 9 <-> 14 17
5 <-> 10 11 14 15 16 18
1 2 3 4 5 9 <-> 14
5 8 <-> 14 15 16 17 18
5 <-> 16 17
5 6 7 8 9 <-> 17
2 3 4 6 7 <-> 14
3 5 6 9 <-> 14
5 <-> 13 14 12 16 17
1 2 4 8 9 <-> 14
2 5 8 <-> 14 15
7 9 <-> 14 17
5 <-> 10 13 14 17
3 5 <-> 11 14
4 5 <-> 11 13 17
5 <-> 13 14 15 16 17
1 3 6 <-> 14
1 4 7 8 <-> 14
2 5 6 8 <-> 14
4 5 6 7 <-> 14 17
2 3 4 6 7 9 <-> 14
5 8 9 <-> 14 17 18
1 3 5 <-> 11
4 5 6 <-> 14
1 4 <-> 10 13
3 4 6 <-> 11 14
5 <-> 13 12 15 18
4 <-> 11 13
5 <-> 10 14 16 17 18
2 5 <-> 10 12
4 <-> 10 13 14 17
3 8 9 <-> 14 15
1 2 4 6 <-> 11 14
2 <-> 11 13 14 15
1 7 <-> 14
5 6 7 8 <-> 14
5 <-> 10
5 8 9 <-> 14 15 17
2 5 <-> 10 13 14 12 15
6 <-> 12 17
4 7 8 9 <-> 14 17
4 5 8 <-> 14
1 3 6 8 <-> 14
2 4 5 <-> 10 13
5 <-> 10 11 16 18
4 5 7 8 <-> 13 14 17
5 <-> 10 11 13 14 16 17
4 <-> 10 14 17
5 7 <-> 13 14 16
2 4 5 6 8 <-> 14
5 <-> 10 13 14 15 16 18
5 7 8 <-> 13 14 17
2 5 <-> 10 11 13 12 15
3 4 8 9 <-> 14
5 <-> 11 14 16 17 18
5 <-> 11 13 14 12 15 17 18
1 2 7 <-> 14
2 <-> 10 11 13 14 15
2 5 <-> 10 13 12
5 6 <-> 17 18
5 <-> 10 11 13 12
5 8 <-> 13 14 15 16 17
7 8 <-> 14
6 <-> 11 18
9 <-> 14 18
5 <-> 11 12 15 16 17 18
5 6 9 <-> 14 15 17 18
5 <-> 10 12 15 18
1 2 9 <-> 14
5 <-> 11 14 12 17
2 5 <-> 10 11 13
4 <-> 10 14 16 17
4 6 7 8 9 <-> 14 17
4 5 6 <-> 11
4 5 7 <-> 13 17
3 6 7 8 9 <-> 14
5 8 <-> 14 15 16 18
2 6 8 <-> 14 15
1 4 5 6 <-> 11 14
5 8 <-> 15 17 18
4 <-> 11 13 14
5 6 <-> 14 15 18
4 7 <-> 16 17
6 8 <-> 14 15 18
2 4 5 <-> 14
2 3 4 5 6 <-> 14
2 5 6 7 9 <-> 14
1 3 7 <-> 14
3 5 6 8 <-> 14
5 6 <-> 14 17 18
2 3 4 7 <-> 14
2 3 5 8 9 <-> 15
5 <-> 14 16 18
2 3 5 9 <-> 14 15
1 2 4 <-> 10 11 14
2 <-> 10 11 12
4 5 6 7 8 9 <-> 14 17
5 6 <-> 11 14 18
9 <-> 14 15 17
6 <-> 11 12 15
1 4 5 7 <-> 13
2 6 <-> 12 15
1 3 5 6 7 8 <-> 14
5 <-> 10 13 14 12 15 17 18
2 3 5 <-> 11 12 15
2 4 5 7 <-> 13 14
6 <-> 14 12 15
5 <-> 10 11 13 14 15 18
2 7 <-> 13 14
1 2 3 4 5 6 <-> 14
6 <-> 11 14 17 18
1 2 5 6 7 <-> 14
5 <-> 10 11 12 16 17 18
1 2 4 5 6 8 <-> 14
4 <-> 14 17
1 2 5 7 8 <-> 13
4 <-> 16 17
3 7 9 <-> 14
1 2 3 4 8 9 <-> 14
1 4 9 <-> 14
5 <-> 11 13 14 12 16
4 <-> 13 16
4 5 <-> 10 16
5 <-> 11 13 12 15 17
5 <-> 15 17 18
4 7 8 <-> 14 17
1 2 4 6 7 <-> 14
8 <-> 13 14 15 18
5 <-> 11 13 14 12 16 18
3 4 5 6 <-> 14
2 3 <-> 12 15
4 <-> 10 16 17
4 <-> 10 14
5 <-> 13 14 18
4 5 6 <-> 17
2 3 4 7 8 <-> 14
5 <-> 11 12 15 16
1 4 5 6 <-> 14
5 6 8 <-> 14 15 17
4 <-> 13 14 16
6 8 9 <-> 17
5 <-> 10 11 12 17 18
2 3 4 5 6 8 <-> 14
1 2 8 <-> 13 14
1 2 3 4 <-> 11
1 2 <-> 11 13 14
5 <-> 10 11 14 12 16 17 18
2 5 6 <-> 12
6 <-> 14 12 17
5 8 <-> 13 14 15
1 3 5 <-> 11 14
5 <-> 10 14 12 15 17 18
3 4 6 <-> 11
8 <-> 14 16 17
5 <-> 10 11 12 15 17 18
5 <-> 11 13 14 15 16 17
6 <-> 11 12 15 17
5 <-> 10 13 16 17
5 <-> 10 11 13 15 17 18
2 <-> 10 11 14 15
5 6 <-> 11 15 17 18
3 7 8 9 <-> 14
5 <-> 13 12 15 16 18
5 <-> 10 11 14 15 16 17
1 2 7 8 9 <-> 14
2 3 5 6 9 <-> 14
9 <-> 15 17
5 8 9 <-> 14 18
4 5 6 7 8 9 <-> 14
2 3 5 8 <-> 14 15
4 9 <-> 17
5 8 <-> 15 17
4 5 <-> 11
5 <-> 13 14 17
2 4 5 7 9 <-> 14
3 6 9 <-> 15
5 <-> 10 14 12 18
8 <-> 14 16 17 18
5 <-> 11 14 15 16
7 8 <-> 13 16
5 <-> 13 15 16 17 18
2 4 6 9 <-> 14
3 9 <-> 14
5 <-> 10 11 13 14 12 15 17 18
2 <-> 13
2 5 <-> 10 15
5 <-> 13 17 18
4 5 <-> 16 17
8 <-> 16 18
5 6 <-> 11 14 15
1 2 4 7 8 <-> 13
3 4 5 8 9 <-> 14
4 5 6 7 9 <-> 17
5 6 7 8 9 <-> 14 17
2 5 <-> 10 12 15
5 <-> 10 15 16 17
1 4 <-> 10 11 13
5 <-> 10 13 14 18
2 6 8 9 <-> 15
5 <-> 10 13 14 12 15 16 17
6 7 9 <-> 17
5 <-> 11 13 12 16
2 3 6 <-> 11
1 3 4 6 <-> 14
1 3 6 7 <-> 14
2 3 4 6 7 8 9 <-> 14
5 <-> 18
4 7 <-> 16
2 3 6 <-> 12
4 <-> 11 14 16
5 <-> 10 14 15 16 17 18
2 6 9 <-> 15
5 <-> 14 15 16
2 3 <-> 11 12
5 6 <-> 11 17
4 5 <-> 10 11 17
5 <-> 11 13 16 17
6 <-> 11 15 18
1 4 5 <-> 13
6 <-> 14 15 18
1 3 4 5 6 8 <-> 14
5 <-> 10 14 12 15 18
2 <-> 10 12
5 <-> 13 15 17
2 3 <-> 11 12 15
8 <-> 14 15 17 18
3 8 <-> 15
8 <-> 14 16 18
9 <-> 14 17
5 <-> 10 11 13 12 15
5 <-> 10 11 13 12 15 16 18
1 2 3 4 6 <-> 11 14
1 4 6 9 <-> 14
4 <-> 10 13 17
2 3 4 6 8 9 <-> 14
5 <-> 13 12 15 16 17
6 <-> 11 12 15 17 18
7 8 <-> 13 14 17
2 3 9 <-> 14
1 5 <-> 13
1 4 <-> 10
1 2 3 4 9 <-> 14
5 <-> 11 13 14 15 18
8 <-> 14 17
1 2 4 <-> 11 13 14
4 5 7 <-> 13 14 16 17
5 <-> 11 15 16 18
2 9 <-> 15
7 <-> 17
6 8 <-> 15 18
1 5 6 7 8 <-> 14
6 7 <-> 17
5 6 9 <-> 14 15
1 5 <-> 13 14
5 <-> 11 14 12
2 3 6 <-> 11 12 15
5 <-> 10 12 15 16 17 18
3 4 5 6 <-> 11
3 6 9 <-> 14 15
5 6 8 9 <-> 14 15 17 18
5 <-> 13 12 15 16 17 18
5 <-> 11 13 12
1 4 5 8 9 <-> 14
5 <-> 11 13 12 15 16 18
1 2 5 6 7 8 9 <-> 14
2 8 <-> 14 15
1 3 4 5 7 8 <-> 14
5 8 <-> 16 17
5 <-> 10 11 12 16 17
5 <-> 10 11 13 12 15 16
5 6 8 <-> 14 17 18
2 <-> 10 13 14 12 15
1 4 6 8 9 <-> 14
1 2 4 5 <-> 11 13 14
5 <-> 10 12 17 18
5 <-> 10 11 15 17
5 <-> 13 12 17
5 6 8 9 <-> 18
5 6 8 <-> 14 15 18
1 4 5 7 8 <-> 13
5 <-> 10 14 12 17 18
1 <-> 11 13
5 <-> 11 12 16
3 <-> 11 12
3 5 <-> 11 14 15
5 6 <-> 12 15 17
5 <-> 10 11 13 12 17
8 9 <-> 14
3 <-> 11 15
4 5 <-> 10 13 14 17
1 2 3 4 5 7 8 9 <-> 14
8 <-> 13 14 15 17
2 5 <-> 11 13 14 12
1 2 4 5 <-> 10 14
4 <-> 14 16
4 7 <-> 17
1 3 6 7 8 <-> 14
9 <-> 14 17 18
1 2 3 4 6 8 <-> 14
4 7 8 <-> 14 16
5 <-> 10 11 13 14 15 17
2 5 8 9 <-> 15
2 5 8 <-> 13
2 5 6 7 8 9 <-> 14
5 <-> 14 16 17 18
5 <-> 13 18
2 6 <-> 11 14 15
5 <-> 10 13 14 12 15 16 18
5 6 7 <-> 14 17
6 9 <-> 15 18
5 6 <-> 11 14 15 17 18
5 <-> 10 13 14 15 16 17 18
1 2 4 5 7 8 9 <-> 14
1 <-> 11
4 6 9 <-> 14
1 5 6 <-> 11 14
2 3 5 6 <-> 11 14 12
5 <-> 10 11 13 14 16
1 2 4 6 7 8 9 <-> 14
4 5 6 7 9 <-> 14
5 <-> 11 15
6 <-> 12
2 <-> 10 11 12 15
5 6 8 <-> 14 15
1 7 <-> 13
4 5 7 8 <-> 14 17
5 <-> 11 13 14 12
5 <-> 10 11 14 17 18
1 3 4 5 6 7 <-> 14
4 <-> 10 11 16 17
5 <-> 11 17
6 <-> 11
5 <-> 14 17
2 3 5 <-> 11 14 15
2 5 9 <-> 14 15
4 <-> 10 11 16
5 <-> 10 11 13 14 12 15 16 17
7 <-> 16
1 2 3 6 7 9 <-> 14
1 2 4 6 8 9 <-> 14
2 5 7 8 9 <-> 14
5 <-> 10 12 15 16 17
2 3 5 9 <-> 14
1 2 3 6 7 <-> 14
2 5 6 <-> 11 14 15
4 <-> 11 13 16
2 3 4 7 8 9 <-> 14
1 4 <-> 13 14
5 <-> 12 15
5 <-> 10 12 15 16 18
5 8 <-> 13 15 17 18
5 <-> 10 11 17
5 8 <-> 13 15 16 17
4 5 7 <-> 13 14
5 8 <-> 13 14 15 17 18
5 6 7 8 <-> 14 17
5 <-> 10 11 14 12 15
6 8 9 <-> 15
5 <-> 13 14 12 15
1 2 5 <-> 14
1 2 4 5 <-> 14
5 <-> 11 16
2 6 <-> 12
5 <-> 11 14 16 18
5 <-> 10 11 14 12 15 17 18
1 2 5 7 <-> 14
4 7 8 <-> 13 16 17
3 4 5 7 8 9 <-> 14
1 4 5 <-> 10 13
1 2 <-> 11 13
3 6 8 <-> 14
6 9 <-> 15 17 18
2 8 <-> 13
2 4 6 7 <-> 14
5 <-> 10 11 12 16 18
5 6 8 9 <-> 15 17
2 <-> 13 14 15
4 <-> 10 13
4 5 <-> 13 16
5 <-> 10 13 14 17 18
5 <-> 10 13 12 18
1 2 5 <-> 10 13
5 6 8 <-> 15 17 18
3 4 5 7 9 <-> 14
5 <-> 10 11 13 14 12 15 16 17 18
5 <-> 12 17
2 5 8 <-> 14
8 <-> 13 14 16 17 18
5 8 <-> 13 16 18
5 <-> 10 13 14 15 17
5 <-> 10 13 14 12 18
5 <-> 14 12 15 17
5 <-> 10 11 12 18
5 <-> 10 12 15 17 18
1 <-> 10 14
1 2 3 5 8 9 <-> 14
4 <-> 14 16 17
1 5 6 7 <-> 14
5 6 8 9 <-> 17
2 6 <-> 15
5 <-> 10 14 12 16
6 <-> 11 14 12 15 18
2 4 <-> 10
5 7 <-> 13 16 17
2 3 4 <-> 11 14
5 <-> 10 12 16 17 18
5 <-> 10 14 16
2 5 <-> 14
1 4 7 <-> 13 14
2 5 7 <-> 13 14
1 6 <-> 11 14
1 3 5 8 <-> 14
5 6 8 <-> 14 15 17 18
2 4 5 6 <-> 14
1 3 5 <-> 14
3 5 6 <-> 11 14
3 4 6 7 8 9 <-> 14
1 2 4 9 <-> 14
2 <-> 11 14 15
5 <-> 14 15 17 18
1 2 3 4 6 7 8 <-> 14
4 5 <-> 11 13 14
6 <-> 11 14 18
5 8 <-> 13
5 <-> 10 13 14 16 18
5 <-> 10 13 15 17 18
2 5 7 8 <-> 14
2 4 5 <-> 13
5 <-> 10 11 13
5 <-> 10 12 17
5 <-> 12 15 16 18
1 2 3 4 6 <-> 14
6 <-> 14 12
2 5 <-> 11 13 12 15
5 6 7 8 9 <-> 14
2 3 5 6 <-> 15
2 5 6 8 <-> 15
8 <-> 18
5 <-> 13 16 18
7 8 <-> 13 17
2 5 <-> 10 14 15
2 4 8 <-> 14
2 3 6 <-> 14
2 4 5 <-> 11 14
1 2 4 5 7 8 <-> 13
5 <-> 14 12 18
5 <-> 11 13 17 18
1 4 5 <-> 10 11 13 14
1 2 4 5 <-> 10 11 13 14
5 8 <-> 13 16
5 <-> 13 14 12 15 16 17
1 5 6 8 9 <-> 14
6 <-> 14
1 3 7 8 9 <-> 14
3 6 <-> 11 14 12 15
4 6 7 9 <-> 14
1 5 <-> 11 13 14
1 4 <-> 10 11 14
1 2 4 6 8 <-> 14
3 8 9 <-> 15
1 <-> 10 11
8 <-> 13 16
1 3 4 7 9 <-> 14
2 3 4 5 6 7 8 9 <-> 14
5 8 <-> 14 15 17 18
5 6 <-> 14 12 17
5 <-> 10 14 15 18
2 5 7 <-> 14
3 5 8 9 <-> 15
1 6 9 <-> 14
8 <-> 15 18
1 2 3 4 <-> 11 14
1 2 3 4 5 7 <-> 14
1 3 5 6 <-> 14
5 8 9 <-> 15 18
3 4 5 6 8 <-> 14
5 <-> 11 13 12 16 17
1 2 3 5 6 9 <-> 14
2 3 8 <-> 14
6 9 <-> 14 18
5 <-> 11 15 16 17
1 2 3 4 5 7 8 <-> 14
5 8 <-> 18
1 2 3 4 5 6 7 8 <-> 14
7 8 9 <-> 17
5 <-> 11 13 12 15 16
1 8 <-> 14
6 7 8 <-> 14
4 <-> 13 17
1 2 3 4 7 <-> 14
4 6 7 8 <-> 17
5 <-> 11 13 14 15
1 3 6 9 <-> 14
8 <-> 13
2 3 4 5 6 7 9 <-> 14
4 <-> 11 13 17
1 2 4 <-> 11
5 <-> 11 14 12 15
1 2 4 5 8 <-> 13
5 7 <-> 17
5 9 <-> 15
4 <-> 11 14 17
5 <-> 12 15 17 18
1 2 3 5 6 8 9 <-> 14
4 7 9 <-> 17
2 5 6 8 9 <-> 14
2 5 <-> 13 12 15
1 2 5 <-> 11 13
3 4 6 8 <-> 14
3 5 6 8 9 <-> 14 15
5 <-> 11 12 15 17
5 <-> 13 14 15 18
3 5 6 8 9 <-> 14
2 <-> 15
1 2 3 4 5 6 9 <-> 14
3 4 5 7 8 <-> 14
5 <-> 10 13 12 15
2 3 5 6 <-> 14 12
1 3 6 <-> 11 14
5 <-> 10 15 16 17 18
2 6 7 8 <-> 14
5 9 <-> 14 18
5 <-> 11 13 18
6 <-> 11 12 17 18
5 <-> 10 13 15 17
4 <-> 10 14 16
4 5 <-> 10 11 13 14 16 17
2 4 <-> 14
1 5 8 9 <-> 14
5 <-> 14 12 16 17
6 <-> 14 12 15 17 18
4 5 <-> 10 11 14 17
8 <-> 13 14 16 17
4 5 7 <-> 14 17
5 <-> 14 15 17
5 <-> 10 11 13 14 12 17
1 4 5 8 <-> 13 14
5 <-> 10 14 18
1 2 4 5 <-> 10 13
5 <-> 10 11 13 17
4 5 7 <-> 13 16
4 5 <-> 13 14 16
6 <-> 11 14 15 17 18
5 <-> 11 13 12 16 18
5 <-> 10 11 14 12 16 18
5 <-> 13 15 16
2 <-> 10 14 12
2 5 <-> 10 13 12 15
5 <-> 11 13 14 12 15 16 17
5 <-> 14 15 18
5 <-> 10 15 17 18
5 <-> 10 11 15 18
1 2 3 5 6 7 8 <-> 14
5 9 <-> 18
4 <-> 10 11 13 14 16
7 8 <-> 13 14 16
1 2 3 6 7 8 9 <-> 14
5 <-> 11 13 14 15 17
5 <-> 10 11 13 12 16 17 18
2 3 5 <-> 15
1 4 5 <-> 10
4 <-> 10 17
1 3 5 7 9 <-> 14
1 2 4 <-> 10
4 5 6 <-> 11 17
5 <-> 10 11 12
1 8 <-> 13
5 8 <-> 13 14 15 18
5 <-> 10 14 12
5 <-> 11 14 15 16 18
1 4 5 7 9 <-> 14
8 <-> 14 16
1 2 4 7 8 9 <-> 14
4 5 <-> 10 11 14
8 <-> 13 15 17 18
2 <-> 10 11 13 15
5 6 8 <-> 14
6 9 <-> 14 15
4 5 6 8 <-> 17
1 3 5 8 9 <-> 14
4 6 7 8 9 <-> 14
5 7 8 9 <-> 14
5 <-> 10 11 13 14 17 18
1 2 3 7 8 <-> 14
5 <-> 10 11 13 16 17
5 <-> 10 11 14 12 15 16 18
1 2 3 5 6 <-> 11 14
1 2 5 6 8 <-> 14
5 <-> 13 14 12 16 18
5 <-> 13 14 12 15 17 18
5 8 <-> 14 15 17
4 5 8 <-> 13 14 16
2 3 6 <-> 11 14 12 15
2 5 <-> 10 13 14
5 <-> 10 11 13 14 15 16 17
1 2 <-> 10 11
5 <-> 11 13 14 12 15 18
5 7 <-> 16
1 2 <-> 14
3 4 5 6 8 9 <-> 14
2 3 6 8 9 <-> 14 15
2 5 <-> 10
5 <-> 10 11 13 14 12 16
2 3 <-> 14 15
1 5 7 8 <-> 14
4 <-> 10 13 16
1 2 3 4 5 8 <-> 14
5 6 8 <-> 14 18
6 9 <-> 18
4 7 <-> 14 17
3 6 <-> 14
5 <-> 10 12 15 16
8 9 <-> 15
2 5 <-> 10 11 15
4 5 6 7 8 9 <-> 17
1 2 3 4 7 8 <-> 14
1 7 8 <-> 13
3 <-> 14
6 <-> 11 14 17
6 <-> 11 14 12 15 17 18
5 <-> 12 16 18
5 <-> 10 13
3 4 6 7 8 <-> 14
1 5 <-> 10 11 13 14
1 4 5 8 <-> 13
3 6 8 <-> 14 15
5 <-> 10 17 18
2 <-> 11 13 12
8 <-> 13 15 18
1 2 5 <-> 10 14
5 <-> 13 15 16 17
5 <-> 13 14 16 18
2 8 <-> 14
8 <-> 15
3 5 6 7 <-> 14
2 5 <-> 11 13 15
2 3 4 5 <-> 11
3 5 6 <-> 14 15
4 <-> 13 14 17
3 5 8 <-> 14 15
1 4 7 8 <-> 13
1 2 5 8 <-> 13 14
3 5 8 <-> 15
5 <-> 10 13 14 12 15 18
5 <-> 11 14 12 18
5 <-> 14 12 15 16
5 <-> 10 11 14 15 16
4 5 <-> 13
1 2 3 <-> 11
5 <-> 10 16
5 <-> 10 16 17 18
4 <-> 10 13 14
1 3 4 5 6 <-> 14
1 2 3 5 6 <-> 14
3 4 6 <-> 14
2 4 <-> 10 11
1 3 4 7 <-> 14
5 <-> 10 14 12 16 17 18
4 7 8 <-> 13 14 16 17
8 <-> 16 17
1 2 3 4 6 8 9 <-> 14
8 <-> 14 15 18
1 4 7 <-> 14
5 <-> 10 11 14 12 18
5 <-> 11 13 15
5 <-> 13 12 15 17 18
2 4 <-> 11
5 7 8 <-> 14 16 17
5 <-> 10 13 12 15 16 17
1 2 4 7 <-> 13
4 9 <-> 14 17
5 <-> 13 14 16 17
4 6 <-> 14
1 <-> 10 11 14
1 4 <-> 10 11
1 4 6 7 8 9 <-> 14
2 4 5 6 <-> 11 14
5 <-> 11 14 16
1 <-> 11 14
5 <-> 10 14 15 17 18
4 5 6 8 <-> 14
1 3 4 5 6 7 8 9 <-> 14
4 7 8 9 <-> 17
3 5 6 <-> 12 15
2 4 5 <-> 10 11 14
2 3 5 <-> 11 15
5 6 7 8 <-> 17
5 <-> 10 14 12 15 16 17 18
7 <-> 14
3 5 <-> 14 15
5 6 <-> 14 18
1 3 5 6 <-> 11 14
1 3 4 5 6 8 9 <-> 14
5 6 8 <-> 17
5 <-> 13 14 12 17
5 <-> 13 12 15
4 <-> 11 13 14 16 17
4 8 <-> 13 14 16 17
2 6 <-> 11 15
5 8 9 <-> 14 17
1 5 <-> 10 13
5 <-> 10 11 13 15 17
5 7 8 <-> 14
1 2 3 5 6 7 8 9 <-> 14
1 2 5 <-> 10 11 13 14
2 3 6 9 <-> 15
1 6 8 9 <-> 14
5 <-> 10 13 16 17 18
5 <-> 13 14 16
5 <-> 10 11 14 16
5 <-> 14 12 17
2 4 8 <-> 13 14
4 5 7 <-> 14
2 4 <-> 10 13 14
1 4 <-> 10 13 14
2 5 <-> 13 15
5 <-> 10 13 14 12 15 16 17 18
5 <-> 12 17 18
4 6 7 9 <-> 17
5 <-> 13 14 12 15 18
3 4 5 8 <-> 14
2 3 5 6 9 <-> 14 15
5 <-> 14 15 16 17 18
1 2 5 6 7 8 <-> 14
1 3 5 9 <-> 14
5 <-> 14 12 15 18
5 6 <-> 15
5 <-> 10 13 12 16 18
9 <-> 14 15 18
4 5 7 8 <-> 14 16
1 3 4 <-> 11
5 6 8 9 <-> 14 18
7 8 9 <-> 14
6 8 9 <-> 15 18
4 5 8 <-> 13 16
1 3 4 5 7 8 9 <-> 14
1 2 4 5 6 7 9 <-> 14
4 5 <-> 13 14 16 17
6 <-> 14 15
1 5 7 <-> 13 14
6 8 <-> 14
2 5 <-> 11 12 15
8 <-> 15 17 18
2 <-> 14
8 9 <-> 18
2 6 <-> 14 12
5 <-> 10 13 12 17
8 <-> 14 15 16 18
1 3 8 <-> 14
6 <-> 11 17 18
5 <-> 13 15 16 18
5 8 <-> 13 14 16
2 <-> 13 14 12
1 5 6 9 <-> 14
2 3 6 <-> 11 14 12
4 5 <-> 10 13 14
3 5 6 <-> 12
5 8 <-> 13 15
2 4 5 7 <-> 14
3 <-> 11 14 12
6 9 <-> 14 15 18
2 8 9 <-> 14 15
8 <-> 13 14 15
2 5 8 <-> 13 14
2 <-> 10 13 12
4 7 8 <-> 14 16 17
4 7 8 <-> 16
2 3 8 <-> 14 15
6 <-> 18
1 4 5 <-> 11 14
4 <-> 10 11 13 17
3 5 <-> 14 12 15
3 6 8 9 <-> 15
3 4 7 8 9 <-> 14
5 <-> 14 12 15 16 17
4 5 8 <-> 13
4 5 6 9 <-> 14
8 <-> 14 18
4 <-> 13
5 <-> 12 18
5 <-> 14 12 17 18
5 9 <-> 15 17
6 9 <-> 15
5 <-> 10 11 16 17
3 6 <-> 11 12 15
7 8 <-> 13 16 17
5 <-> 10 13 16 18
4 5 <-> 10 11 14 16
1 2 5 7 <-> 13 14
4 <-> 10 11 13 14 17
5 <-> 10 13 12 15 17
6 <-> 12 15 17
2 3 4 5 6 9 <-> 14
5 6 7 9 <-> 14
5 <-> 10 11 15 16 17 18
4 8 9 <-> 14
5 6 <-> 11 14 12 17 18
2 3 5 6 <-> 11 14 15
6 <-> 15 17
3 6 <-> 12 15
1 4 <-> 13
1 3 4 6 <-> 11 14
2 3 4 <-> 11
4 5 <-> 10 11 13 16
5 <-> 11 14 15 17
7 8 <-> 13
9 <-> 15
5 <-> 15 16 17 18
1 2 4 5 9 <-> 14
1 2 4 <-> 10 11
3 4 7 9 <-> 14
1 7 8 9 <-> 14
1 4 6 7 9 <-> 14
1 2 3 4 5 6 <-> 11
4 8 <-> 17
4 5 8 <-> 13 16 17
5 <-> 13 14 16 17 18
8 <-> 13 14 15 16
5 <-> 13 14 15 16 17 18
1 2 4 5 <-> 10 11
1 3 4 5 7 <-> 14
1 3 5 7 <-> 14
5 <-> 13 12 16 18
3 4 5 9 <-> 14
4 5 <-> 10 14 17
4 5 <-> 10 13 16
5 <-> 11 13 15 16 17 18
2 7 8 <-> 13 14
5 <-> 11 13 12 16 17 18
5 <-> 13 14 17 18
5 <-> 10 13 14 16 17 18
2 5 <-> 12 15
5 6 <-> 11 14 12 15 17
4 5 8 9 <-> 14
2 5 <-> 10 11 13 14 12 15
8 9 <-> 17 18
2 5 <-> 10 11 12
2 3 4 5 7 8 9 <-> 14
5 9 <-> 14 15 17
6 <-> 14 18
5 <-> 10 11 12 15 16 17
2 4 5 <-> 11
5 8 <-> 13 17
1 7 <-> 13 14
1 2 <-> 10 13 14
5 6 <-> 11 12
6 <-> 11 14 12 15
4 7 8 <-> 17
1 3 4 7 8 9 <-> 14
2 8 9 <-> 14
5 <-> 10 13 15
5 <-> 11 15 16
1 2 4 5 7 <-> 14
1 2 7 9 <-> 14
6 <-> 11 12 17
4 8 <-> 13 17
4 7 8 <-> 13 17
8 <-> 17 18
5 <-> 11 13 14 16
2 8 <-> 15
5 <-> 10 14 12 15 17
1 3 6 7 8 9 <-> 14
2 3 4 9 <-> 14
4 5 <-> 11 16
4 5 7 8 <-> 14 16 17
7 <-> 13 16 17
4 5 7 <-> 13 16 17
5 7 8 <-> 16 17
2 3 5 <-> 14 12 15
2 <-> 11
4 7 <-> 13 14 17
2 5 6 <-> 15
1 2 4 5 7 8 <-> 14
5 <-> 11 16 17
1 2 3 4 5 <-> 11
5 <-> 11
3 5 6 <-> 11 14 12 15
3 5 6 9 <-> 14 15
1 4 5 <-> 11 13 14
4 5 <-> 10 14 16
5 <-> 13 12 17 18
2 6 8 <-> 15
2 6 9 <-> 14
5 <-> 11 14 15 17 18
1 4 8 <-> 13
6 <-> 12 15 18
2 4 5 6 7 <-> 14
4 5 <-> 10 11 16
1 5 <-> 14
4 8 <-> 16
4 <-> 11 16 17
5 8 9 <-> 14
5 <-> 10 11 13 14 12 15 16
5 <-> 10 11 14 12 16
4 5 6 8 <-> 14 17
5 <-> 11 13 14 18
5 <-> 11 13 14 16 18
2 5 7 8 <-> 13
3 8 <-> 14 15
4 5 <-> 10 14
1 2 4 5 <-> 10
2 4 5 6 9 <-> 14
1 3 <-> 11 14
2 7 8 <-> 13
2 4 7 8 9 <-> 14
5 6 7 9 <-> 17
2 3 <-> 14 12
4 5 7 <-> 13 14 16
5 6 <-> 11 14 12 15 17 18
5 <-> 11 14 15
4 8 9 <-> 17
5 <-> 13 16 17 18
9 <-> 15 18
2 3 <-> 11
6 7 8 <-> 14 17
1 2 3 7 8 9 <-> 14
5 <-> 10 11 14 12 15 16 17
5 6 <-> 11 18
2 5 <-> 13
5 <-> 11 13 12 15 16 17 18
4 6 <-> 17
5 7 8 <-> 14 17
3 6 <-> 11 14
1 4 <-> 10 11 13 14
4 5 8 9 <-> 17
2 <-> 10 11 13 12 15
5 <-> 10 11 14 18
5 <-> 11 14 12 15 17
5 <-> 12 16 17 18
6 8 <-> 14 17
4 5 9 <-> 14
2 5 6 9 <-> 14 15
1 4 5 <-> 11 13
4 7 9 <-> 14
5 <-> 10 14 12 15 16
3 <-> 11 14 15
3 5 <-> 11 12
1 2 4 6 9 <-> 14
1 2 4 7 8 <-> 14
1 2 4 5 <-> 10 11 13
8 <-> 13 16 17 18
7 8 9 <-> 14 17
1 2 6 7 8 9 <-> 14
4 <-> 11 13 16 17
4 5 6 7 8 <-> 17
5 <-> 10 13 14 15 18
3 5 6 <-> 14 12
1 3 8 9 <-> 14
5 8 <-> 14 15 16
5 <-> 13 14 15 16 18
2 6 <-> 11 14 12
8 9 <-> 14 17 18
5 <-> 10 13 12 15 17 18
3 5 6 8 <-> 15
2 5 6 <-> 11
5 <-> 11 14 12 15 18
2 7 <-> 13
9 <-> 18
1 4 6 <-> 11
3 <-> 14 12
5 <-> 11 16 17 18
8 <-> 14 15 17
5 <-> 11 14 17
1 5 8 <-> 14
5 <-> 13 14 12 15 16 17 18
4 9 <-> 14
2 <-> 13 12
1 2 3 4 6 7 <-> 14
5 <-> 11 13
5 <-> 11 13 15 16 17
5 7 8 <-> 13 14
5 6 8 9 <-> 14 15 17
4 6 7 8 <-> 14
9 <-> 14 15
6 8 9 <-> 14 17
5 <-> 10 13 12 15 18
1 2 4 5 <-> 13
1 4 5 6 7 8 9 <-> 14
5 6 <-> 14
5 8 <-> 14 16
1 4 6 7 <-> 14
8 <-> 13 15 17
1 4 8 <-> 13 14
5 6 <-> 14 12 15 18
6 <-> 14 15 17 18
3 5 6 7 9 <-> 14
2 5 6 8 9 <-> 15
1 2 3 5 7 9 <-> 14
2 5 <-> 10 11 13 14 12
5 <-> 10 11 14 16 17
5 <-> 10 11 12 16
2 3 4 5 <-> 11 14
1 2 7 <-> 13 14
3 5 6 7 8 9 <-> 14
2 3 4 5 7 8 <-> 14
5 <-> 14 12
1 2 4 5 7 8 <-> 13 14
8 <-> 13 15 16 17 18
3 <-> 11 14
5 <-> 17 18
2 3 5 <-> 14
4 5 8 <-> 13 17
2 3 5 6 <-> 12 15
3 5 8 9 <-> 14 15
5 6 8 <-> 15 17
3 6 8 9 <-> 14
5 <-> 13 12
3 5 <-> 14 12
2 5 6 <-> 11 12 15
4 7 9 <-> 14 17
5 9 <-> 15 17 18
1 2 3 7 <-> 14
1 <-> 13
5 <-> 10 11 15 17 18
2 4 6 <-> 11
5 <-> 15 16 18
6 9 <-> 17 18
4 <-> 13 14 16 17
5 8 9 <-> 17 18
5 <-> 10 14 17
5 <-> 10 14 12 15 16 18
5 <-> 11 13 15 17
2 9 <-> 14
5 <-> 10 13 12 15 16
5 <-> 11 14
8 <-> 13 14 16 18
2 3 5 6 <-> 11 14 12 15
6 8 9 <-> 18
2 3 5 6 <-> 11 12
1 2 4 <-> 13
5 <-> 10 13 14 12 15 17
5 <-> 11 14 12 16 17
5 <-> 11 13 14 12 15
2 7 <-> 14
5 <-> 11 12 16 17 18
4 5 <-> 13 16 17
3 4 <-> 11 14
5 <-> 13 14 15 16
2 <-> 10 11 14 12 15
4 5 7 <-> 13 14 17
1 2 3 <-> 11 14
1 3 <-> 11
1 2 4 <-> 11 14
5 8 <-> 13 18
5 8 <-> 17 18
1 4 5 9 <-> 14
1 2 4 <-> 10 11 13
5 8 <-> 14 16 18
5 7 8 <-> 16
1 2 4 5 6 <-> 11 14
6 8 9 <-> 14 15 17
5 <-> 11 14 12 16
4 5 <-> 11 16 17
3 4 6 8 9 <-> 14
1 5 <-> 11 13
5 7 8 9 <-> 17
2 <-> 11 14
5 8 9 <-> 14 15 17 18
5 6 <-> 11 14 15 17
5 <-> 12 16 17
1 4 6 7 8 <-> 14
5 <-> 10 13 14 15
1 2 3 4 5 <-> 11 14
6 <-> 12 15 17 18
1 3 6 <-> 11
2 5 6 8 9 <-> 14 15
5 <-> 10 11 14 12 17
2 3 5 7 8 <-> 14
1 3 4 6 7 <-> 14
1 2 3 4 5 6 7 9 <-> 14
5 <-> 10 11 13 14 15 16 18
2 <-> 11 12
1 2 5 <-> 10 13 14
2 6 <-> 14 15
2 5 <-> 14 12
5 9 <-> 14 15 17 18
5 <-> 12 15 16 17
3 5 8 <-> 14
2 3 6 7 <-> 14
2 3 6 7 9 <-> 14
4 5 <-> 11 13 16
5 <-> 13 15 17 18
1 3 4 5 6 7 9 <-> 14
5 8 <-> 15 16 17 18
2 3 5 <-> 11 14 12 15
5 <-> 11 14 12 15 16 17
4 5 6 7 <-> 14
5 <-> 10 13 14 12
1 5 6 7 9 <-> 14
2 3 5 6 7 8 9 <-> 14
3 5 <-> 12 15
2 3 5 <-> 12
4 7 <-> 13 14 16 17
1 2 3 4 5 7 9 <-> 14
2 7 9 <-> 14
5 <-> 10 11 12 15 16 18
5 <-> 10 13 14 16 17
5 8 <-> 13 14 15 16
1 4 5 <-> 10 13 14
4 5 <-> 11 14 17
5 <-> 10 11 13 14 12 17 18
8 <-> 14 17 18
4 8 <-> 13 14
1 <-> 13 14
2 3 5 7 9 <-> 14
5 6 <-> 14 12
5 <-> 11 12 15 16 18
1 3 4 5 8 <-> 14
3 8 9 <-> 14
1 4 6 <-> 11 14
1 2 4 <-> 10 11 13 14
2 5 <-> 11 13
2 5 6 7 <-> 14
6 <-> 11 12 15 18
4 <-> 10 16
5 6 <-> 11
5 <-> 10 11 14 12 15 18
5 <-> 10 11 13 14 12 15 16 18
5 6 <-> 11 14 12 18
2 4 5 7 <-> 13
3 5 7 9 <-> 14
1 5 7 8 9 <-> 14
1 5 <-> 10 11 13
4 5 <-> 10
1 4 5 <-> 14
2 3 <-> 11 14 12
2 5 6 <-> 11 14 12 15
1 4 8 9 <-> 14
1 2 5 <-> 13 14
1 5 <-> 11 14
4 7 8 <-> 14
5 <-> 10 11 13 14 15 16 17 18
5 <-> 12 15 17
6 <-> 14 17 18
5 <-> 10 13 15 16 17 18
4 5 <-> 14 16
5 <-> 10 14 15 16
4 <-> 14
3 4 5 6 <-> 11 14
5 <-> 11 14 15 16 17 18
5 <-> 15 17
1 4 5 7 8 <-> 13 14
5 <-> 10 11 12 15 16 17 18
8 <-> 13 15 16 18
5 8 <-> 14 18
5 <-> 11 13 15 18
2 3 4 <-> 14
5 6 9 <-> 15 17 18
8 <-> 15 16 17 18
5 6 <-> 14 15 17 18
5 8 <-> 13 15 16 17 18
2 5 6 <-> 11 14
1 2 3 4 5 6 <-> 11 14
5 7 8 <-> 17
5 <-> 11 13 14 17 18
4 5 <-> 13 14 17
4 5 7 8 <-> 16 17
1 2 8 <-> 13
2 <-> 10 14 12 15
5 <-> 10 11 13 12 16 18
5 <-> 11 13 14
6 8 <-> 14 15 17
2 <-> 11 13 12 15
1 2 3 4 5 6 8 <-> 14
6 7 8 <-> 17
2 5 <-> 11 13 14
5 <-> 11 14 12 17 18
5 8 <-> 13 15 18
3 5 9 <-> 15
1 2 3 5 6 7 9 <-> 14
5 <-> 11 13 14 15 16 17 18
2 5 <-> 11 14 12 15
2 3 5 <-> 11 14 12
2 5 <-> 10 11 13 14 15
5 7 <-> 14
1 5 <-> 10 13 14
6 9 <-> 17
5 6 9 <-> 14 18
9 <-> 14 15 17 18
3 5 <-> 11 14 12 15
2 <-> 13 14 12 15
5 6 <-> 15 17 18
4 5 <-> 10 13 17
4 <-> 10 11 14 16
7 <-> 13 16
1 7 8 <-> 14
3 <-> 15
5 <-> 11 14 12 15 17 18
1 2 5 <-> 10 11 14
2 5 <-> 11 13 14 12 15
2 3 6 <-> 14 15
5 6 <-> 12 15
1 2 3 5 7 <-> 14
1 4 7 8 <-> 13 14
5 <-> 10 18
2 6 9 <-> 14 15
5 <-> 11 18
5 <-> 13 16
5 8 <-> 13 16 17 18
2 4 5 9 <-> 14
1 2 3 4 6 9 <-> 14
1 3 7 9 <-> 14
4 5 <-> 11 14 16
4 5 7 <-> 13
1 4 5 6 8 <-> 14
2 4 <-> 13
6 <-> 11 15 17
1 2 6 9 <-> 14
2 5 6 8 <-> 14 15
1 5 <-> 10 11
2 5 6 <-> 14
4 5 7 8 <-> 17
7 9 <-> 17
6 8 9 <-> 14 15 18
1 2 6 8 9 <-> 14
5 <-> 10 11 13 15 16 17
2 4 5 7 8 <-> 13 14
4 6 <-> 11 14 17
5 <-> 10 11 14 15 16 17 18
4 7 8 <-> 16 17
2 4 <-> 11 14
3 5 7 8 <-> 14
5 <-> 13 12 18
2 3 6 7 8 <-> 14
2 8 <-> 13 14
5 <-> 11 13 12 18
4 5 <-> 10 13
2 3 5 9 <-> 15
2 5 6 9 <-> 15
1 3 4 6 8 9 <-> 14
1 4 <-> 11 13
5 <-> 11 12 16 17
2 <-> 10 14
5 <-> 10 13 12
6 <-> 11 15 17 18
1 3 5 6 <-> 11
1 2 4 7 <-> 14
5 <-> 11 14 16 17
2 <-> 10 11 13 14
5 <-> 10 11 13 14 16 18
4 <-> 10 11 13 14 16 17
2 3 4 5 6 7 <-> 14
1 2 3 4 6 7 8 9 <-> 14
6 8 <-> 17 18
5 <-> 10 11 15
5 <-> 11 13 14 12 15 17
5 <-> 11 13 12 15 17 18
5 <-> 14 16
3 5 <-> 14
2 <-> 10
5 6 9 <-> 15 17
5 <-> 10 11 14 17
5 8 <-> 13 14 15 17
5 <-> 13 12 16 17
5 <-> 14 15 16 17
2 7 8 <-> 14
5 8 9 <-> 15
5 <-> 10 12 18
5 <-> 10 13 14 12 16 17 18
1 2 3 5 7 8 9 <-> 14
2 3 4 6 8 <-> 14
3 8 <-> 14
2 5 <-> 11 14
1 3 6 7 9 <-> 14
5 <-> 11 14 12 16 18
7 <-> 13 14
3 4 <-> 14
1 2 4 8 <-> 13
8 <-> 16 17 18
2 3 7 8 <-> 14
3 <-> 14 12 15
5 6 <-> 11 12 17
5 8 <-> 13 15 16
7 <-> 14 16
2 3 5 7 8 9 <-> 14
1 2 5 6 <-> 11
4 5 7 8 <-> 16
1 3 5 6 9 <-> 14
4 5 7 <-> 16
5 6 <-> 11 14
3 7 <-> 14
1 8 9 <-> 14
8 <-> 13 17
1 2 4 <-> 14
5 8 <-> 15 16 18
5 <-> 10 13 12 16 17
2 4 5 6 8 9 <-> 14
2 <-> 10 11 13
4 <-> 13 16 17
1 2 3 7 9 <-> 14
4 7 <-> 13 16 17
2 3 8 9 <-> 14
5 <-> 11 15 16 17 18
5 <-> 10 13 14 12 17 18
5 6 <-> 11 14 12
5 <-> 13 14 12 15 16 18
2 3 6 <-> 11 14
4 5 <-> 13 17
4 <-> 10 13 14 16
2 3 5 6 8 <-> 15
5 <-> 10 14 16 18
3 6 8 9 <-> 14 15
5 6 8 <-> 15 18
5 <-> 13 12 15 16
4 5 <-> 14 17
5 <-> 11 14 15 18
5 <-> 11 13 14 12 17 18
3 9 <-> 14 15
3 4 6 9 <-> 14
2 3 8 <-> 15
2 3 4 6 <-> 14
5 8 <-> 14 15 16 17
5 6 <-> 14 12 15 17 18
5 <-> 10 14
5 7 9 <-> 14 17
2 4 <-> 10 14
3 4 6 7 <-> 14
1 2 <-> 10 13
8 <-> 13 18
5 <-> 10 12 16 17
3 5 6 <-> 15
5 <-> 14 15
5 8 <-> 14
1 2 4 5 <-> 11 14
5 <-> 10 11 13 17 18
1 2 3 4 5 6 7 <-> 14
2 <-> 14 12
1 3 5 6 8 9 <-> 14
1 3 5 6 7 <-> 14
2 5 <-> 12
8 <-> 17
2 3 4 5 <-> 14
1 2 5 <-> 11 13 14
5 <-> 10 14 15 16 17
1 2 3 6 8 9 <-> 14
4 6 7 <-> 17
2 3 <-> 11 14
6 <-> 15
4 5 8 <-> 13 14
1 5 6 7 8 9 <-> 14
5 <-> 10 14 12 15 16 17
4 5 7 8 9 <-> 14
3 6 <-> 14 12 15
1 4 <-> 10 14
2 <-> 10 13 15
6 9 <-> 15 17
5 <-> 10 12 15
2 <-> 11 13
6 9 <-> 14 15 17 18
6 <-> 14 12 17 18
8 <-> 13 15 16
5 <-> 11 14 12 15 16 17 18
2 3 6 8 <-> 14 15
3 6 7 <-> 14
1 2 6 7 8 <-> 14
2 4 5 <-> 10 14
5 <-> 10 13 18
5 8 <-> 16 17 18
2 3 5 <-> 14 12
5 6 8 9 <-> 15 18
6 <-> 11 12
1 4 6 <-> 14
5 6 8 9 <-> 14 17
5 8 9 <-> 15 17
2 4 5 7 8 9 <-> 14
2 5 7 8 <-> 13 14
5 <-> 11 12 15 17 18
7 8 <-> 14 16
6 <-> 11 14 15 17
2 4 5 <-> 10
4 5 7 <-> 17
4 5 7 8 <-> 13
5 <-> 10 11 13 15
5 <-> 13 14 12 15 17
1 2 3 4 7 9 <-> 14
1 2 6 7 <-> 14
5 <-> 10 11 15 16
5 7 8 9 <-> 14 17
6 <-> 15 17 18
1 2 3 5 <-> 11 14
8 <-> 13 17 18
8 <-> 13 14 15 16 18
1 3 4 6 8 <-> 14
5 <-> 10 11 13 12 16 17
8 <-> 13 16 18
5 <-> 10 11 13 14 15 17 18
1 2 3 6 <-> 14
2 3 5 6 8 9 <-> 15
4 5 <-> 14
5 <-> 11 13 16 17 18
4 5 <-> 14 16 17
5 6 <-> 14 12 18
5 6 9 <-> 14 17 18
5 <-> 10 11 13 16 18
3 5 <-> 12
6 8 9 <-> 15 17 18
1 2 5 7 9 <-> 14
1 5 8 <-> 13 14
5 <-> 10 11 13 15 16 17 18
1 4 5 6 7 9 <-> 14
5 <-> 11 13 14 12 16 17 18
1 4 5 7 8 <-> 14
3 4 5 <-> 14
5 <-> 10 11 14 12 15 16 17 18
1 9 <-> 14
3 <-> 11
2 5 6 7 8 <-> 14
2 <-> 12 15
2 5 7 <-> 13
2 3 4 5 6 <-> 11
5 <-> 11 12 16 18
4 8 <-> 14 16 17
5 7 8 <-> 13 16 17
5 <-> 14 18
5 <-> 10 11 13 12 16
4 5 <-> 10 11 13 14 16
8 <-> 14 15 16
1 5 8 <-> 13
5 <-> 10 12
5 <-> 10 11 13 14 17
2 7 8 9 <-> 14
2 5 <-> 13 14 12 15
2 3 6 <-> 15
1 3 4 8 <-> 14
3 6 <-> 11 15
2 6 <-> 11 14 12 15
2 3 5 6 <-> 14 12 15
1 4 <-> 14
5 6 <-> 11 12 15 18
2 3 5 8 9 <-> 14 15
5 <-> 11 12 17
8 <-> 13 14 17 18
5 7 <-> 13 16
4 7 8 <-> 13 14 16
5 <-> 14 12 16
2 6 8 9 <-> 14
5 <-> 10 13 15 18
5 <-> 10 13 16
5 <-> 10 15 16
4 5 7 8 9 <-> 17
5 6 8 9 <-> 17 18
2 5 <-> 10 14 12 15
5 7 8 <-> 13 14 16 17
5 6 <-> 15 18
1 3 5 6 7 8 9 <-> 14
5 <-> 14 12 15 16 17 18
2 <-> 12
2 8 9 <-> 15
5 <-> 10 11 14 12 15 17
6 <-> 11 15
5 <-> 12
1 <-> 10 13
6 <-> 11 17
1 2 4 5 6 <-> 11
2 3 4 6 9 <-> 14
4 7 <-> 13 16
1 2 4 <-> 10 13
6 <-> 14 17
5 <-> 11 13 14 17
4 7 <-> 14 16
2 3 6 8 <-> 14
2 4 5 <-> 11 13
2 4 6 7 8 <-> 14
4 6 8 <-> 14 17
4 6 8 <-> 17
5 <-> 10 13 14 12 16 18
1 2 4 <-> 10 13 14
4 6 <-> 14 17
1 2 4 5 6 9 <-> 14
4 8 <-> 14
3 <-> 11 14 12 15
2 <-> 10 13
3 6 <-> 14 12
5 6 <-> 14 12 15 17
4 <-> 11 14 16 17
5 6 8 9 <-> 15 17 18
5 8 <-> 13 16 17
2 5 <-> 13 14
1 5 9 <-> 14
3 <-> 12
2 3 7 <-> 14
6 9 <-> 14 15 17
1 3 4 5 7 9 <-> 14
2 3 4 5 8 9 <-> 14
1 6 8 <-> 14
9 <-> 17 18
8 <-> 13 14 15 16 17
2 3 5 6 7 8 <-> 14
5 8 <-> 13 15 16 18
1 2 5 <-> 10
5 6 8 <-> 17 18
5 7 9 <-> 17
4 <-> 11 17
2 3 6 <-> 14 12
1 5 6 <-> 14
1 4 <-> 11 13 14
8 9 <-> 14 15 17 18
5 6 <-> 14 12 17 18
8 9 <-> 15 17
5 <-> 10 11 12 15 16
5 <-> 11 14 15 16 17
5 <-> 11 13 14 15 16
4 5 7 8 <-> 13 14 16 17
5 <-> 10 11 16
5 9 <-> 14 15 18
6 <-> 11 14 12 17 18
2 3 5 7 <-> 14
5 <-> 10 14 15 17
2 5 6 <-> 11 14 12
1 3 4 5 <-> 14
5 7 <-> 13 14 17
5 <-> 10 11 18
2 <-> 11 14 12
6 <-> 14 12 15 17
7 8 <-> 13 14 16 17
5 <-> 11 13 14 12 16 17
5 <-> 11 15 17
5 7 <-> 13 14
4 5 7 9 <-> 17
3 4 7 <-> 14
2 6 <-> 11 12 15
1 2 4 5 <-> 13 14
5 <-> 13 16 17
4 6 7 <-> 14 17
9 <-> 17
2 3 7 8 9 <-> 14
5 <-> 13 14 12 15 16
1 2 7 <-> 13
4 6 8 9 <-> 14
3 6 9 <-> 14
2 4 5 6 <-> 11
2 3 4 8 <-> 14
3 4 5 6 7 <-> 14
7 <-> 14 17
5 <-> 10 11 13 12 15 16 17
5 <-> 10 11 13 12 15 16 17 18
4 6 <-> 11 17
4 5 8 <-> 13 14 16 17
2 <-> 11 13 14 12
4 <-> 10 11 17
5 6 9 <-> 14
1 2 3 6 7 8 <-> 14
1 3 6 8 9 <-> 14
2 5 8 <-> 13 14 15
1 2 3 6 <-> 11 14
5 <-> 10 13 14 15 16
4 5 6 <-> 11 14 17
2 4 8 <-> 13
5 <-> 10 13 12 15 16 17 18
2 3 6 <-> 11 15
4 7 8 <-> 13 14 17
2 4 6 8 <-> 14
5 <-> 10 11 13 14 12 16 17 18
6 <-> 17 18
5 <-> 13 14 12 16
5 <-> 11 15 17 18
5 8 <-> 13 14 17 18
5 <-> 11 14 12 15 16
5 7 <-> 14 16 17
3 5 <-> 11 14 12
5 <-> 10 11 12 15 18
8 9 <-> 14 17
5 <-> 13 14 15
1 3 7 8 <-> 14
1 2 4 5 6 7 8 <-> 14
1 6 7 8 <-> 14
8 9 <-> 15 18
3 5 6 <-> 11 12
2 5 <-> 10 11 12 15
1 6 7 8 9 <-> 14
1 2 5 <-> 11
1 2 4 5 6 8 9 <-> 14
5 <-> 11 13 15 17 18
1 2 4 7 8 <-> 13 14
2 <-> 10 11 13 14 12 15
1 3 4 5 8 9 <-> 14
5 6 8 9 <-> 14 15 18
5 <-> 13 17
2 4 6 7 9 <-> 14
2 3 6 8 <-> 15
5 <-> 14
2 3 <-> 11 15
5 8 9 <-> 18
4 5 8 9 <-> 14 17
1 2 4 5 8 <-> 13 14
1 4 5 7 8 9 <-> 14
2 5 <-> 10 13 14 15
5 6 <-> 12 15 17 18
1 2 5 9 <-> 14
1 3 4 9 <-> 14
6 <-> 12 15
2 3 6 7 8 9 <-> 14
2 5 <-> 10 11 14
3 5 9 <-> 14
5 <-> 10 13 14 15 16 17
5 <-> 10 11 14 15 18
4 6 9 <-> 14 17
4 6 7 8 9 <-> 17
8 <-> 13 14 16
9 <-> 15 17 18
4 5 9 <-> 17
1 7 8 <-> 13 14
2 4 6 8 9 <-> 14
2 4 9 <-> 14
1 2 7 8 <-> 13 14
2 5 <-> 10 13 14 12
4 5 8 <-> 14 17
1 3 4 7 8 <-> 14
4 5 8 <-> 17
2 <-> 10 11 14 12
5 7 <-> 16 17
2 3 5 <-> 11 14
5 <-> 10 11 13 16
1 4 <-> 11 14
5 9 <-> 14 15
2 4 <-> 10 13
1 2 8 <-> 14
1 2 8 9 <-> 14
2 5 6 <-> 11 15
4 8 <-> 14 16
2 8 <-> 13 15
5 <-> 11 13 15 16 18
2 5 <-> 11
5 <-> 10 11 13 14
5 <-> 16 17 18
5 <-> 10 11 13 14 16 17 18
5 8 9 <-> 14 15
2 6 <-> 11 14
5 <-> 11 13 14 12 17
1 5 <-> 10
4 5 <-> 10 11 13
4 6 <-> 11 14
2 6 8 <-> 14
5 <-> 14 12 16 17 18
4 5 <-> 11 13 14 16 17
4 5 7 8 <-> 14
7 9 <-> 14
3 4 5 6 7 8 9 <-> 14
3 5 6 <-> 14 12 15
1 4 7 9 <-> 14
8 9 <-> 14 15 18
7 8 <-> 14 17
1 <-> 14
7 8 <-> 16 17
3 7 8 <-> 14
3 4 5 6 7 8 <-> 14
1 <-> 10 11 13
1 2 5 6 <-> 11 14
5 <-> 10 13 12 15 16 18
3 5 6 <-> 11 12 15
5 <-> 10 14 17 18
4 <-> 11 16
2 <-> 11 12 15
8 <-> 13 15 16 17
8 9 <-> 17
5 8 <-> 13 15 17
2 3 7 9 <-> 14
2 3 5 6 <-> 14
6 8 <-> 14 18
5 6 <-> 11 12 18
2 3 5 6 <-> 11 12 15
2 <-> 14 12 15
5 <-> 10 11 13 12 18
5 <-> 11 13 16 18
4 8 <-> 13 14 16
5 6 <-> 18
5 <-> 10 13 17
3 5 6 <-> 11 14 15
4 5 8 <-> 16 17
6 <-> 14 15 17
6 9 <-> 14 17 18
1 5 <-> 11
5 <-> 11 12 15 18
1 3 4 5 6 <-> 11 14
5 6 <-> 12
5 6 <-> 14 17
1 4 5 6 7 8 <-> 14
1 2 3 5 8 <-> 14
5 <-> 10 11 13 14 12 15 18
5 <-> 10 13 12 16 17 18
5 <-> 10 13 12 16
5 <-> 11 13 14 12 18
5 9 <-> 15 18
1 2 4 5 <-> 11
2 3 5 <-> 14 15
4 5 9 <-> 14 17
1 <-> 10
2 5 <-> 15
5 <-> 10 13 15 16
3 5 <-> 11 15
1 2 5 6 <-> 14
1 2 3 4 5 <-> 14
2 4 6 7 8 9 <-> 14
2 4 7 8 <-> 13
5 <-> 15
8 <-> 13 14 15 16 17 18
5 <-> 11 16 18
2 5 <-> 13 12
5 <-> 13 14 12 18
5 <-> 11 12
1 <-> 10 11 13 14
5 <-> 12 15 16
5 8 <-> 13 14 15 16 18
5 <-> 10 14 12 16 17
2 4 5 8 <-> 13
5 <-> 11 13 12 17
2 5 <-> 10 13 15
2 6 8 9 <-> 14 15
5 <-> 10 13 17 18
2 5 <-> 10 11
6 <-> 14 12 18
5 6 9 <-> 18
4 <-> 16
4 <-> 10 13 16 17
2 3 9 <-> 14 15
